command	key	type	code	location	functionId	childNum	isCFGNode	operator	baseType	completeType	identifier
ANR	1	File	/scan/output/_work/source/03_cve-2021-3888__control_wrapper__c2.c								
ANR	2	Function	mobi_load_pdbheader	28:0:683:2293							
ANR	3	FunctionDef	"mobi_load_pdbheader (MOBIData * m , FILE * file)"		2	0					
ANR	4	CompoundStatement		28:54:737:2293	2	0					
ANR	5	IfStatement	if ( m == NULL )		2	0					
ANR	6	Condition	m == NULL	29:8:747:755	2	0	True				
ANR	7	EqualityExpression	m == NULL		2	0		==			
ANR	8	Identifier	m		2	0					
ANR	9	Identifier	NULL		2	1					
ANR	10	CompoundStatement		2:19:20:20	2	1					
ANR	11	ExpressionStatement	"debug_print ( ""%s"" , ""Mobi structure not initialized\\n"" )"	30:8:768:821	2	0	True				
ANR	12	CallExpression	"debug_print ( ""%s"" , ""Mobi structure not initialized\\n"" )"		2	0					
ANR	13	Callee	debug_print		2	0					
ANR	14	Identifier	debug_print		2	0					
ANR	15	ArgumentList	"""%s"""		2	1					
ANR	16	Argument	"""%s"""		2	0					
ANR	17	PrimaryExpression	"""%s"""		2	0					
ANR	18	Argument	"""Mobi structure not initialized\\n"""		2	1					
ANR	19	PrimaryExpression	"""Mobi structure not initialized\\n"""		2	0					
ANR	20	ReturnStatement	return MOBI_INIT_FAILED ;	31:8:831:854	2	1	True				
ANR	21	Identifier	MOBI_INIT_FAILED		2	0					
ANR	22	IfStatement	if ( ! file )		2	1					
ANR	23	Condition	! file	33:8:870:874	2	0	True				
ANR	24	UnaryOperationExpression	! file		2	0					
ANR	25	UnaryOperator	!		2	0					
ANR	26	Identifier	file		2	1					
ANR	27	CompoundStatement		6:15:139:139	2	1					
ANR	28	ReturnStatement	return MOBI_FILE_NOT_FOUND ;	34:8:887:913	2	0	True				
ANR	29	Identifier	MOBI_FILE_NOT_FOUND		2	0					
ANR	30	IdentifierDeclStatement	MOBIBuffer * buf = mobi_buffer_init ( PALMDB_HEADER_LEN ) ;	36:4:925:978	2	2	True				
ANR	31	IdentifierDecl	* buf = mobi_buffer_init ( PALMDB_HEADER_LEN )		2	0					
ANR	32	IdentifierDeclType	MOBIBuffer *		2	0					
ANR	33	Identifier	buf		2	1					
ANR	34	AssignmentExpression	* buf = mobi_buffer_init ( PALMDB_HEADER_LEN )		2	2		=			
ANR	35	Identifier	buf		2	0					
ANR	36	CallExpression	mobi_buffer_init ( PALMDB_HEADER_LEN )		2	1					
ANR	37	Callee	mobi_buffer_init		2	0					
ANR	38	Identifier	mobi_buffer_init		2	0					
ANR	39	ArgumentList	PALMDB_HEADER_LEN		2	1					
ANR	40	Argument	PALMDB_HEADER_LEN		2	0					
ANR	41	Identifier	PALMDB_HEADER_LEN		2	0					
ANR	42	IfStatement	if ( buf == NULL )		2	3					
ANR	43	Condition	buf == NULL	37:8:988:998	2	0	True				
ANR	44	EqualityExpression	buf == NULL		2	0		==			
ANR	45	Identifier	buf		2	0					
ANR	46	Identifier	NULL		2	1					
ANR	47	CompoundStatement		10:21:263:263	2	1					
ANR	48	ExpressionStatement	"debug_print ( ""%s\\n"" , ""Memory allocation failed"" )"	38:8:1011:1058	2	0	True				
ANR	49	CallExpression	"debug_print ( ""%s\\n"" , ""Memory allocation failed"" )"		2	0					
ANR	50	Callee	debug_print		2	0					
ANR	51	Identifier	debug_print		2	0					
ANR	52	ArgumentList	"""%s\\n"""		2	1					
ANR	53	Argument	"""%s\\n"""		2	0					
ANR	54	PrimaryExpression	"""%s\\n"""		2	0					
ANR	55	Argument	"""Memory allocation failed"""		2	1					
ANR	56	PrimaryExpression	"""Memory allocation failed"""		2	0					
ANR	57	ReturnStatement	return MOBI_MALLOC_FAILED ;	39:8:1068:1093	2	1	True				
ANR	58	Identifier	MOBI_MALLOC_FAILED		2	0					
ANR	59	IdentifierDeclStatement	"const size_t len = fread ( buf -> data , 1 , PALMDB_HEADER_LEN , file ) ;"	41:4:1105:1168	2	4	True				
ANR	60	IdentifierDecl	"len = fread ( buf -> data , 1 , PALMDB_HEADER_LEN , file )"		2	0					
ANR	61	IdentifierDeclType	const size_t		2	0					
ANR	62	Identifier	len		2	1					
ANR	63	AssignmentExpression	"len = fread ( buf -> data , 1 , PALMDB_HEADER_LEN , file )"		2	2		=			
ANR	64	Identifier	len		2	0					
ANR	65	CallExpression	"fread ( buf -> data , 1 , PALMDB_HEADER_LEN , file )"		2	1					
ANR	66	Callee	fread		2	0					
ANR	67	Identifier	fread		2	0					
ANR	68	ArgumentList	buf -> data		2	1					
ANR	69	Argument	buf -> data		2	0					
ANR	70	PtrMemberAccess	buf -> data		2	0					
ANR	71	Identifier	buf		2	0					
ANR	72	Identifier	data		2	1					
ANR	73	Argument	1		2	1					
ANR	74	PrimaryExpression	1		2	0					
ANR	75	Argument	PALMDB_HEADER_LEN		2	2					
ANR	76	Identifier	PALMDB_HEADER_LEN		2	0					
ANR	77	Argument	file		2	3					
ANR	78	Identifier	file		2	0					
ANR	79	IfStatement	if ( len != PALMDB_HEADER_LEN )		2	5					
ANR	80	Condition	len != PALMDB_HEADER_LEN	42:8:1178:1201	2	0	True				
ANR	81	EqualityExpression	len != PALMDB_HEADER_LEN		2	0		!=			
ANR	82	Identifier	len		2	0					
ANR	83	Identifier	PALMDB_HEADER_LEN		2	1					
ANR	84	CompoundStatement		15:34:466:466	2	1					
ANR	85	ExpressionStatement	mobi_buffer_free ( buf )	43:8:1214:1235	2	0	True				
ANR	86	CallExpression	mobi_buffer_free ( buf )		2	0					
ANR	87	Callee	mobi_buffer_free		2	0					
ANR	88	Identifier	mobi_buffer_free		2	0					
ANR	89	ArgumentList	buf		2	1					
ANR	90	Argument	buf		2	0					
ANR	91	Identifier	buf		2	0					
ANR	92	ReturnStatement	return MOBI_DATA_CORRUPT ;	44:8:1245:1269	2	1	True				
ANR	93	Identifier	MOBI_DATA_CORRUPT		2	0					
ANR	94	ExpressionStatement	"m -> ph = calloc ( 1 , sizeof ( MOBIPdbHeader ) )"	46:4:1281:1321	2	6	True				
ANR	95	AssignmentExpression	"m -> ph = calloc ( 1 , sizeof ( MOBIPdbHeader ) )"		2	0		=			
ANR	96	PtrMemberAccess	m -> ph		2	0					
ANR	97	Identifier	m		2	0					
ANR	98	Identifier	ph		2	1					
ANR	99	CallExpression	"calloc ( 1 , sizeof ( MOBIPdbHeader ) )"		2	1					
ANR	100	Callee	calloc		2	0					
ANR	101	Identifier	calloc		2	0					
ANR	102	ArgumentList	1		2	1					
ANR	103	Argument	1		2	0					
ANR	104	PrimaryExpression	1		2	0					
ANR	105	Argument	sizeof ( MOBIPdbHeader )		2	1					
ANR	106	SizeofExpression	sizeof ( MOBIPdbHeader )		2	0					
ANR	107	Sizeof	sizeof		2	0					
ANR	108	SizeofOperand	MOBIPdbHeader		2	1					
ANR	109	IfStatement	if ( m -> ph == NULL )		2	7					
ANR	110	Condition	m -> ph == NULL	47:8:1331:1343	2	0	True				
ANR	111	EqualityExpression	m -> ph == NULL		2	0		==			
ANR	112	PtrMemberAccess	m -> ph		2	0					
ANR	113	Identifier	m		2	0					
ANR	114	Identifier	ph		2	1					
ANR	115	Identifier	NULL		2	1					
ANR	116	CompoundStatement		20:23:608:608	2	1					
ANR	117	ExpressionStatement	"debug_print ( ""%s"" , ""Memory allocation for pdb header failed\\n"" )"	48:8:1356:1418	2	0	True				
ANR	118	CallExpression	"debug_print ( ""%s"" , ""Memory allocation for pdb header failed\\n"" )"		2	0					
ANR	119	Callee	debug_print		2	0					
ANR	120	Identifier	debug_print		2	0					
ANR	121	ArgumentList	"""%s"""		2	1					
ANR	122	Argument	"""%s"""		2	0					
ANR	123	PrimaryExpression	"""%s"""		2	0					
ANR	124	Argument	"""Memory allocation for pdb header failed\\n"""		2	1					
ANR	125	PrimaryExpression	"""Memory allocation for pdb header failed\\n"""		2	0					
ANR	126	ExpressionStatement	mobi_buffer_free ( buf )	49:8:1428:1449	2	1	True				
ANR	127	CallExpression	mobi_buffer_free ( buf )		2	0					
ANR	128	Callee	mobi_buffer_free		2	0					
ANR	129	Identifier	mobi_buffer_free		2	0					
ANR	130	ArgumentList	buf		2	1					
ANR	131	Argument	buf		2	0					
ANR	132	Identifier	buf		2	0					
ANR	133	ReturnStatement	return MOBI_MALLOC_FAILED ;	50:8:1459:1484	2	2	True				
ANR	134	Identifier	MOBI_MALLOC_FAILED		2	0					
ANR	135	ExpressionStatement	"mobi_buffer_getstring ( m -> ph -> name , buf , PALMDB_NAME_SIZE_MAX )"	53:4:1519:1580	2	8	True				
ANR	136	CallExpression	"mobi_buffer_getstring ( m -> ph -> name , buf , PALMDB_NAME_SIZE_MAX )"		2	0					
ANR	137	Callee	mobi_buffer_getstring		2	0					
ANR	138	Identifier	mobi_buffer_getstring		2	0					
ANR	139	ArgumentList	m -> ph -> name		2	1					
ANR	140	Argument	m -> ph -> name		2	0					
ANR	141	PtrMemberAccess	m -> ph -> name		2	0					
ANR	142	PtrMemberAccess	m -> ph		2	0					
ANR	143	Identifier	m		2	0					
ANR	144	Identifier	ph		2	1					
ANR	145	Identifier	name		2	1					
ANR	146	Argument	buf		2	1					
ANR	147	Identifier	buf		2	0					
ANR	148	Argument	PALMDB_NAME_SIZE_MAX		2	2					
ANR	149	Identifier	PALMDB_NAME_SIZE_MAX		2	0					
ANR	150	ExpressionStatement	m -> ph -> attributes = mobi_buffer_get16 ( buf )	54:4:1586:1628	2	9	True				
ANR	151	AssignmentExpression	m -> ph -> attributes = mobi_buffer_get16 ( buf )		2	0		=			
ANR	152	PtrMemberAccess	m -> ph -> attributes		2	0					
ANR	153	PtrMemberAccess	m -> ph		2	0					
ANR	154	Identifier	m		2	0					
ANR	155	Identifier	ph		2	1					
ANR	156	Identifier	attributes		2	1					
ANR	157	CallExpression	mobi_buffer_get16 ( buf )		2	1					
ANR	158	Callee	mobi_buffer_get16		2	0					
ANR	159	Identifier	mobi_buffer_get16		2	0					
ANR	160	ArgumentList	buf		2	1					
ANR	161	Argument	buf		2	0					
ANR	162	Identifier	buf		2	0					
ANR	163	ExpressionStatement	m -> ph -> version = mobi_buffer_get16 ( buf )	55:4:1634:1673	2	10	True				
ANR	164	AssignmentExpression	m -> ph -> version = mobi_buffer_get16 ( buf )		2	0		=			
ANR	165	PtrMemberAccess	m -> ph -> version		2	0					
ANR	166	PtrMemberAccess	m -> ph		2	0					
ANR	167	Identifier	m		2	0					
ANR	168	Identifier	ph		2	1					
ANR	169	Identifier	version		2	1					
ANR	170	CallExpression	mobi_buffer_get16 ( buf )		2	1					
ANR	171	Callee	mobi_buffer_get16		2	0					
ANR	172	Identifier	mobi_buffer_get16		2	0					
ANR	173	ArgumentList	buf		2	1					
ANR	174	Argument	buf		2	0					
ANR	175	Identifier	buf		2	0					
ANR	176	ExpressionStatement	m -> ph -> ctime = mobi_buffer_get32 ( buf )	56:4:1679:1716	2	11	True				
ANR	177	AssignmentExpression	m -> ph -> ctime = mobi_buffer_get32 ( buf )		2	0		=			
ANR	178	PtrMemberAccess	m -> ph -> ctime		2	0					
ANR	179	PtrMemberAccess	m -> ph		2	0					
ANR	180	Identifier	m		2	0					
ANR	181	Identifier	ph		2	1					
ANR	182	Identifier	ctime		2	1					
ANR	183	CallExpression	mobi_buffer_get32 ( buf )		2	1					
ANR	184	Callee	mobi_buffer_get32		2	0					
ANR	185	Identifier	mobi_buffer_get32		2	0					
ANR	186	ArgumentList	buf		2	1					
ANR	187	Argument	buf		2	0					
ANR	188	Identifier	buf		2	0					
ANR	189	ExpressionStatement	m -> ph -> mtime = mobi_buffer_get32 ( buf )	57:4:1722:1759	2	12	True				
ANR	190	AssignmentExpression	m -> ph -> mtime = mobi_buffer_get32 ( buf )		2	0		=			
ANR	191	PtrMemberAccess	m -> ph -> mtime		2	0					
ANR	192	PtrMemberAccess	m -> ph		2	0					
ANR	193	Identifier	m		2	0					
ANR	194	Identifier	ph		2	1					
ANR	195	Identifier	mtime		2	1					
ANR	196	CallExpression	mobi_buffer_get32 ( buf )		2	1					
ANR	197	Callee	mobi_buffer_get32		2	0					
ANR	198	Identifier	mobi_buffer_get32		2	0					
ANR	199	ArgumentList	buf		2	1					
ANR	200	Argument	buf		2	0					
ANR	201	Identifier	buf		2	0					
ANR	202	ExpressionStatement	m -> ph -> btime = mobi_buffer_get32 ( buf )	58:4:1765:1802	2	13	True				
ANR	203	AssignmentExpression	m -> ph -> btime = mobi_buffer_get32 ( buf )		2	0		=			
ANR	204	PtrMemberAccess	m -> ph -> btime		2	0					
ANR	205	PtrMemberAccess	m -> ph		2	0					
ANR	206	Identifier	m		2	0					
ANR	207	Identifier	ph		2	1					
ANR	208	Identifier	btime		2	1					
ANR	209	CallExpression	mobi_buffer_get32 ( buf )		2	1					
ANR	210	Callee	mobi_buffer_get32		2	0					
ANR	211	Identifier	mobi_buffer_get32		2	0					
ANR	212	ArgumentList	buf		2	1					
ANR	213	Argument	buf		2	0					
ANR	214	Identifier	buf		2	0					
ANR	215	ExpressionStatement	m -> ph -> mod_num = mobi_buffer_get32 ( buf )	59:4:1808:1847	2	14	True				
ANR	216	AssignmentExpression	m -> ph -> mod_num = mobi_buffer_get32 ( buf )		2	0		=			
ANR	217	PtrMemberAccess	m -> ph -> mod_num		2	0					
ANR	218	PtrMemberAccess	m -> ph		2	0					
ANR	219	Identifier	m		2	0					
ANR	220	Identifier	ph		2	1					
ANR	221	Identifier	mod_num		2	1					
ANR	222	CallExpression	mobi_buffer_get32 ( buf )		2	1					
ANR	223	Callee	mobi_buffer_get32		2	0					
ANR	224	Identifier	mobi_buffer_get32		2	0					
ANR	225	ArgumentList	buf		2	1					
ANR	226	Argument	buf		2	0					
ANR	227	Identifier	buf		2	0					
ANR	228	ExpressionStatement	m -> ph -> appinfo_offset = mobi_buffer_get32 ( buf )	60:4:1853:1899	2	15	True				
ANR	229	AssignmentExpression	m -> ph -> appinfo_offset = mobi_buffer_get32 ( buf )		2	0		=			
ANR	230	PtrMemberAccess	m -> ph -> appinfo_offset		2	0					
ANR	231	PtrMemberAccess	m -> ph		2	0					
ANR	232	Identifier	m		2	0					
ANR	233	Identifier	ph		2	1					
ANR	234	Identifier	appinfo_offset		2	1					
ANR	235	CallExpression	mobi_buffer_get32 ( buf )		2	1					
ANR	236	Callee	mobi_buffer_get32		2	0					
ANR	237	Identifier	mobi_buffer_get32		2	0					
ANR	238	ArgumentList	buf		2	1					
ANR	239	Argument	buf		2	0					
ANR	240	Identifier	buf		2	0					
ANR	241	ExpressionStatement	m -> ph -> sortinfo_offset = mobi_buffer_get32 ( buf )	61:4:1905:1952	2	16	True				
ANR	242	AssignmentExpression	m -> ph -> sortinfo_offset = mobi_buffer_get32 ( buf )		2	0		=			
ANR	243	PtrMemberAccess	m -> ph -> sortinfo_offset		2	0					
ANR	244	PtrMemberAccess	m -> ph		2	0					
ANR	245	Identifier	m		2	0					
ANR	246	Identifier	ph		2	1					
ANR	247	Identifier	sortinfo_offset		2	1					
ANR	248	CallExpression	mobi_buffer_get32 ( buf )		2	1					
ANR	249	Callee	mobi_buffer_get32		2	0					
ANR	250	Identifier	mobi_buffer_get32		2	0					
ANR	251	ArgumentList	buf		2	1					
ANR	252	Argument	buf		2	0					
ANR	253	Identifier	buf		2	0					
ANR	254	ExpressionStatement	"mobi_buffer_getstring ( m -> ph -> type , buf , 4 )"	62:4:1958:2000	2	17	True				
ANR	255	CallExpression	"mobi_buffer_getstring ( m -> ph -> type , buf , 4 )"		2	0					
ANR	256	Callee	mobi_buffer_getstring		2	0					
ANR	257	Identifier	mobi_buffer_getstring		2	0					
ANR	258	ArgumentList	m -> ph -> type		2	1					
ANR	259	Argument	m -> ph -> type		2	0					
ANR	260	PtrMemberAccess	m -> ph -> type		2	0					
ANR	261	PtrMemberAccess	m -> ph		2	0					
ANR	262	Identifier	m		2	0					
ANR	263	Identifier	ph		2	1					
ANR	264	Identifier	type		2	1					
ANR	265	Argument	buf		2	1					
ANR	266	Identifier	buf		2	0					
ANR	267	Argument	4		2	2					
ANR	268	PrimaryExpression	4		2	0					
ANR	269	ExpressionStatement	"mobi_buffer_getstring ( m -> ph -> creator , buf , 4 )"	63:4:2006:2051	2	18	True				
ANR	270	CallExpression	"mobi_buffer_getstring ( m -> ph -> creator , buf , 4 )"		2	0					
ANR	271	Callee	mobi_buffer_getstring		2	0					
ANR	272	Identifier	mobi_buffer_getstring		2	0					
ANR	273	ArgumentList	m -> ph -> creator		2	1					
ANR	274	Argument	m -> ph -> creator		2	0					
ANR	275	PtrMemberAccess	m -> ph -> creator		2	0					
ANR	276	PtrMemberAccess	m -> ph		2	0					
ANR	277	Identifier	m		2	0					
ANR	278	Identifier	ph		2	1					
ANR	279	Identifier	creator		2	1					
ANR	280	Argument	buf		2	1					
ANR	281	Identifier	buf		2	0					
ANR	282	Argument	4		2	2					
ANR	283	PrimaryExpression	4		2	0					
ANR	284	ExpressionStatement	m -> ph -> uid = mobi_buffer_get32 ( buf )	64:4:2057:2092	2	19	True				
ANR	285	AssignmentExpression	m -> ph -> uid = mobi_buffer_get32 ( buf )		2	0		=			
ANR	286	PtrMemberAccess	m -> ph -> uid		2	0					
ANR	287	PtrMemberAccess	m -> ph		2	0					
ANR	288	Identifier	m		2	0					
ANR	289	Identifier	ph		2	1					
ANR	290	Identifier	uid		2	1					
ANR	291	CallExpression	mobi_buffer_get32 ( buf )		2	1					
ANR	292	Callee	mobi_buffer_get32		2	0					
ANR	293	Identifier	mobi_buffer_get32		2	0					
ANR	294	ArgumentList	buf		2	1					
ANR	295	Argument	buf		2	0					
ANR	296	Identifier	buf		2	0					
ANR	297	IfStatement	if ( 1 )		2	20					
ANR	298	Condition	1	65:8:2102:2102	2	0	True				
ANR	299	PrimaryExpression	1		2	0					
ANR	300	CompoundStatement		38:11:1367:1367	2	1					
ANR	301	IfStatement	if ( 1 )		2	0					
ANR	302	Condition	1	66:12:2119:2119	2	0	True				
ANR	303	PrimaryExpression	1		2	0					
ANR	304	CompoundStatement		39:15:1384:1384	2	1					
ANR	305	ExpressionStatement	m -> ph -> next_rec = mobi_buffer_get32 ( buf )	67:12:2136:2176	2	0	True				
ANR	306	AssignmentExpression	m -> ph -> next_rec = mobi_buffer_get32 ( buf )		2	0		=			
ANR	307	PtrMemberAccess	m -> ph -> next_rec		2	0					
ANR	308	PtrMemberAccess	m -> ph		2	0					
ANR	309	Identifier	m		2	0					
ANR	310	Identifier	ph		2	1					
ANR	311	Identifier	next_rec		2	1					
ANR	312	CallExpression	mobi_buffer_get32 ( buf )		2	1					
ANR	313	Callee	mobi_buffer_get32		2	0					
ANR	314	Identifier	mobi_buffer_get32		2	0					
ANR	315	ArgumentList	buf		2	1					
ANR	316	Argument	buf		2	0					
ANR	317	Identifier	buf		2	0					
ANR	318	ExpressionStatement	m -> ph -> rec_count = mobi_buffer_get16 ( buf )	70:4:2198:2239	2	21	True				
ANR	319	AssignmentExpression	m -> ph -> rec_count = mobi_buffer_get16 ( buf )		2	0		=			
ANR	320	PtrMemberAccess	m -> ph -> rec_count		2	0					
ANR	321	PtrMemberAccess	m -> ph		2	0					
ANR	322	Identifier	m		2	0					
ANR	323	Identifier	ph		2	1					
ANR	324	Identifier	rec_count		2	1					
ANR	325	CallExpression	mobi_buffer_get16 ( buf )		2	1					
ANR	326	Callee	mobi_buffer_get16		2	0					
ANR	327	Identifier	mobi_buffer_get16		2	0					
ANR	328	ArgumentList	buf		2	1					
ANR	329	Argument	buf		2	0					
ANR	330	Identifier	buf		2	0					
ANR	331	ExpressionStatement	mobi_buffer_free ( buf )	71:4:2245:2266	2	22	True				
ANR	332	CallExpression	mobi_buffer_free ( buf )		2	0					
ANR	333	Callee	mobi_buffer_free		2	0					
ANR	334	Identifier	mobi_buffer_free		2	0					
ANR	335	ArgumentList	buf		2	1					
ANR	336	Argument	buf		2	0					
ANR	337	Identifier	buf		2	0					
ANR	338	ReturnStatement	return MOBI_SUCCESS ;	72:4:2272:2291	2	23	True				
ANR	339	Identifier	MOBI_SUCCESS		2	0					
ANR	340	ReturnType	MOBI_RET		2	1					
ANR	341	Identifier	mobi_load_pdbheader		2	2					
ANR	342	ParameterList	"MOBIData * m , FILE * file"		2	3					
ANR	343	Parameter	MOBIData * m	28:29:712:722	2	0	True				
ANR	344	ParameterType	MOBIData *		2	0					
ANR	345	Identifier	m		2	1					
ANR	346	Parameter	FILE * file	28:42:725:734	2	1	True				
ANR	347	ParameterType	FILE *		2	0					
ANR	348	Identifier	file		2	1					
ANR	349	CFGEntryNode	ENTRY		2		True				
ANR	350	CFGExitNode	EXIT		2		True				
ANR	351	Symbol	m -> ph -> attributes		2						
ANR	352	Symbol	* m -> ph		2						
ANR	353	Symbol	mobi_buffer_get32		2						
ANR	354	Symbol	m -> ph -> mtime		2						
ANR	355	Symbol	m -> ph -> mod_num		2						
ANR	356	Symbol	MOBI_SUCCESS		2						
ANR	357	Symbol	m -> ph -> sortinfo_offset		2						
ANR	358	Symbol	calloc		2						
ANR	359	Symbol	m -> ph -> ctime		2						
ANR	360	Symbol	MOBI_INIT_FAILED		2						
ANR	361	Symbol	file		2						
ANR	362	Symbol	len		2						
ANR	363	Symbol	m -> ph -> next_rec		2						
ANR	364	Symbol	m -> ph -> name		2						
ANR	365	Symbol	m -> ph -> creator		2						
ANR	366	Symbol	mobi_buffer_get16		2						
ANR	367	Symbol	* * m		2						
ANR	368	Symbol	MOBI_FILE_NOT_FOUND		2						
ANR	369	Symbol	m -> ph -> appinfo_offset		2						
ANR	370	Symbol	MOBI_DATA_CORRUPT		2						
ANR	371	Symbol	m -> ph -> type		2						
ANR	372	Symbol	* buf		2						
ANR	373	Symbol	NULL		2						
ANR	374	Symbol	m -> ph -> rec_count		2						
ANR	375	Symbol	mobi_buffer_init		2						
ANR	376	Symbol	m		2						
ANR	377	Symbol	m -> ph		2						
ANR	378	Symbol	fread		2						
ANR	379	Symbol	buf -> data		2						
ANR	380	Symbol	m -> ph -> version		2						
ANR	381	Symbol	buf		2						
ANR	382	Symbol	* m		2						
ANR	383	Symbol	m -> ph -> btime		2						
ANR	384	Symbol	PALMDB_NAME_SIZE_MAX		2						
ANR	385	Symbol	m -> ph -> uid		2						
ANR	386	Symbol	MOBI_MALLOC_FAILED		2						
ANR	387	Symbol	PALMDB_HEADER_LEN		2						
ANR	388	Function	mobi_load_reclist	82:0:2560:4192							
ANR	389	FunctionDef	"mobi_load_reclist (MOBIData * m , FILE * file)"		388	0					
ANR	390	CompoundStatement		82:52:2612:4192	388	0					
ANR	391	IfStatement	if ( m == NULL )		388	0					
ANR	392	Condition	m == NULL	83:8:2622:2630	388	0	True				
ANR	393	EqualityExpression	m == NULL		388	0		==			
ANR	394	Identifier	m		388	0					
ANR	395	Identifier	NULL		388	1					
ANR	396	CompoundStatement		2:19:20:20	388	1					
ANR	397	ExpressionStatement	"debug_print ( ""%s"" , ""Mobi structure not initialized\\n"" )"	84:8:2643:2696	388	0	True				
ANR	398	CallExpression	"debug_print ( ""%s"" , ""Mobi structure not initialized\\n"" )"		388	0					
ANR	399	Callee	debug_print		388	0					
ANR	400	Identifier	debug_print		388	0					
ANR	401	ArgumentList	"""%s"""		388	1					
ANR	402	Argument	"""%s"""		388	0					
ANR	403	PrimaryExpression	"""%s"""		388	0					
ANR	404	Argument	"""Mobi structure not initialized\\n"""		388	1					
ANR	405	PrimaryExpression	"""Mobi structure not initialized\\n"""		388	0					
ANR	406	ReturnStatement	return MOBI_INIT_FAILED ;	85:8:2706:2729	388	1	True				
ANR	407	Identifier	MOBI_INIT_FAILED		388	0					
ANR	408	IfStatement	if ( ! file )		388	1					
ANR	409	Condition	! file	87:8:2745:2749	388	0	True				
ANR	410	UnaryOperationExpression	! file		388	0					
ANR	411	UnaryOperator	!		388	0					
ANR	412	Identifier	file		388	1					
ANR	413	CompoundStatement		6:15:139:139	388	1					
ANR	414	ExpressionStatement	"debug_print ( ""%s"" , ""File not ready\\n"" )"	88:8:2762:2799	388	0	True				
ANR	415	CallExpression	"debug_print ( ""%s"" , ""File not ready\\n"" )"		388	0					
ANR	416	Callee	debug_print		388	0					
ANR	417	Identifier	debug_print		388	0					
ANR	418	ArgumentList	"""%s"""		388	1					
ANR	419	Argument	"""%s"""		388	0					
ANR	420	PrimaryExpression	"""%s"""		388	0					
ANR	421	Argument	"""File not ready\\n"""		388	1					
ANR	422	PrimaryExpression	"""File not ready\\n"""		388	0					
ANR	423	ReturnStatement	return MOBI_FILE_NOT_FOUND ;	89:8:2809:2835	388	1	True				
ANR	424	Identifier	MOBI_FILE_NOT_FOUND		388	0					
ANR	425	ExpressionStatement	"m -> rec = calloc ( 1 , sizeof ( MOBIPdbRecord ) )"	91:4:2847:2888	388	2	True				
ANR	426	AssignmentExpression	"m -> rec = calloc ( 1 , sizeof ( MOBIPdbRecord ) )"		388	0		=			
ANR	427	PtrMemberAccess	m -> rec		388	0					
ANR	428	Identifier	m		388	0					
ANR	429	Identifier	rec		388	1					
ANR	430	CallExpression	"calloc ( 1 , sizeof ( MOBIPdbRecord ) )"		388	1					
ANR	431	Callee	calloc		388	0					
ANR	432	Identifier	calloc		388	0					
ANR	433	ArgumentList	1		388	1					
ANR	434	Argument	1		388	0					
ANR	435	PrimaryExpression	1		388	0					
ANR	436	Argument	sizeof ( MOBIPdbRecord )		388	1					
ANR	437	SizeofExpression	sizeof ( MOBIPdbRecord )		388	0					
ANR	438	Sizeof	sizeof		388	0					
ANR	439	SizeofOperand	MOBIPdbRecord		388	1					
ANR	440	IfStatement	if ( m -> rec == NULL )		388	3					
ANR	441	Condition	m -> rec == NULL	92:8:2898:2911	388	0	True				
ANR	442	EqualityExpression	m -> rec == NULL		388	0		==			
ANR	443	PtrMemberAccess	m -> rec		388	0					
ANR	444	Identifier	m		388	0					
ANR	445	Identifier	rec		388	1					
ANR	446	Identifier	NULL		388	1					
ANR	447	CompoundStatement		11:24:301:301	388	1					
ANR	448	ExpressionStatement	"debug_print ( ""%s"" , ""Memory allocation for pdb record failed\\n"" )"	93:8:2924:2986	388	0	True				
ANR	449	CallExpression	"debug_print ( ""%s"" , ""Memory allocation for pdb record failed\\n"" )"		388	0					
ANR	450	Callee	debug_print		388	0					
ANR	451	Identifier	debug_print		388	0					
ANR	452	ArgumentList	"""%s"""		388	1					
ANR	453	Argument	"""%s"""		388	0					
ANR	454	PrimaryExpression	"""%s"""		388	0					
ANR	455	Argument	"""Memory allocation for pdb record failed\\n"""		388	1					
ANR	456	PrimaryExpression	"""Memory allocation for pdb record failed\\n"""		388	0					
ANR	457	ReturnStatement	return MOBI_MALLOC_FAILED ;	94:8:2996:3021	388	1	True				
ANR	458	Identifier	MOBI_MALLOC_FAILED		388	0					
ANR	459	IdentifierDeclStatement	MOBIPdbRecord * curr = m -> rec ;	96:4:3033:3061	388	4	True				
ANR	460	IdentifierDecl	* curr = m -> rec		388	0					
ANR	461	IdentifierDeclType	MOBIPdbRecord *		388	0					
ANR	462	Identifier	curr		388	1					
ANR	463	AssignmentExpression	* curr = m -> rec		388	2		=			
ANR	464	Identifier	curr		388	0					
ANR	465	PtrMemberAccess	m -> rec		388	1					
ANR	466	Identifier	m		388	0					
ANR	467	Identifier	rec		388	1					
ANR	468	ForStatement	for ( int i = 0 ; i < m -> ph -> rec_count ; i ++ )		388	5					
ANR	469	ForInit	int i = 0 ;	97:9:3072:3081	388	0	True				
ANR	470	IdentifierDeclStatement	int i = 0 ;		388	0					
ANR	471	IdentifierDecl	i = 0		388	0					
ANR	472	IdentifierDeclType	int		388	0					
ANR	473	Identifier	i		388	1					
ANR	474	AssignmentExpression	i = 0		388	2		=			
ANR	475	Identifier	i		388	0					
ANR	476	PrimaryExpression	0		388	1					
ANR	477	Condition	i < m -> ph -> rec_count	97:20:3083:3102	388	1	True				
ANR	478	RelationalExpression	i < m -> ph -> rec_count		388	0		<			
ANR	479	Identifier	i		388	0					
ANR	480	PtrMemberAccess	m -> ph -> rec_count		388	1					
ANR	481	PtrMemberAccess	m -> ph		388	0					
ANR	482	Identifier	m		388	0					
ANR	483	Identifier	ph		388	1					
ANR	484	Identifier	rec_count		388	1					
ANR	485	PostIncDecOperationExpression	i ++	97:42:3105:3107	388	2	True				
ANR	486	Identifier	i		388	0					
ANR	487	IncDec	++		388	1					
ANR	488	CompoundStatement		39:8:1402:1443	388	3					
ANR	489	IdentifierDeclStatement	MOBIBuffer * buf = mobi_buffer_init ( PALMDB_RECORD_INFO_SIZE ) ;	98:8:3120:3179	388	0	True				
ANR	490	IdentifierDecl	* buf = mobi_buffer_init ( PALMDB_RECORD_INFO_SIZE )		388	0					
ANR	491	IdentifierDeclType	MOBIBuffer *		388	0					
ANR	492	Identifier	buf		388	1					
ANR	493	AssignmentExpression	* buf = mobi_buffer_init ( PALMDB_RECORD_INFO_SIZE )		388	2		=			
ANR	494	Identifier	buf		388	0					
ANR	495	CallExpression	mobi_buffer_init ( PALMDB_RECORD_INFO_SIZE )		388	1					
ANR	496	Callee	mobi_buffer_init		388	0					
ANR	497	Identifier	mobi_buffer_init		388	0					
ANR	498	ArgumentList	PALMDB_RECORD_INFO_SIZE		388	1					
ANR	499	Argument	PALMDB_RECORD_INFO_SIZE		388	0					
ANR	500	Identifier	PALMDB_RECORD_INFO_SIZE		388	0					
ANR	501	IfStatement	if ( buf == NULL )		388	1					
ANR	502	Condition	buf == NULL	99:12:3193:3203	388	0	True				
ANR	503	EqualityExpression	buf == NULL		388	0		==			
ANR	504	Identifier	buf		388	0					
ANR	505	Identifier	NULL		388	1					
ANR	506	CompoundStatement		18:25:593:593	388	1					
ANR	507	ExpressionStatement	"debug_print ( ""%s\\n"" , ""Memory allocation failed"" )"	100:12:3220:3267	388	0	True				
ANR	508	CallExpression	"debug_print ( ""%s\\n"" , ""Memory allocation failed"" )"		388	0					
ANR	509	Callee	debug_print		388	0					
ANR	510	Identifier	debug_print		388	0					
ANR	511	ArgumentList	"""%s\\n"""		388	1					
ANR	512	Argument	"""%s\\n"""		388	0					
ANR	513	PrimaryExpression	"""%s\\n"""		388	0					
ANR	514	Argument	"""Memory allocation failed"""		388	1					
ANR	515	PrimaryExpression	"""Memory allocation failed"""		388	0					
ANR	516	ReturnStatement	return MOBI_MALLOC_FAILED ;	101:12:3281:3306	388	1	True				
ANR	517	Identifier	MOBI_MALLOC_FAILED		388	0					
ANR	518	IdentifierDeclStatement	"const size_t len = fread ( buf -> data , 1 , PALMDB_RECORD_INFO_SIZE , file ) ;"	103:8:3326:3395	388	2	True				
ANR	519	IdentifierDecl	"len = fread ( buf -> data , 1 , PALMDB_RECORD_INFO_SIZE , file )"		388	0					
ANR	520	IdentifierDeclType	const size_t		388	0					
ANR	521	Identifier	len		388	1					
ANR	522	AssignmentExpression	"len = fread ( buf -> data , 1 , PALMDB_RECORD_INFO_SIZE , file )"		388	2		=			
ANR	523	Identifier	len		388	0					
ANR	524	CallExpression	"fread ( buf -> data , 1 , PALMDB_RECORD_INFO_SIZE , file )"		388	1					
ANR	525	Callee	fread		388	0					
ANR	526	Identifier	fread		388	0					
ANR	527	ArgumentList	buf -> data		388	1					
ANR	528	Argument	buf -> data		388	0					
ANR	529	PtrMemberAccess	buf -> data		388	0					
ANR	530	Identifier	buf		388	0					
ANR	531	Identifier	data		388	1					
ANR	532	Argument	1		388	1					
ANR	533	PrimaryExpression	1		388	0					
ANR	534	Argument	PALMDB_RECORD_INFO_SIZE		388	2					
ANR	535	Identifier	PALMDB_RECORD_INFO_SIZE		388	0					
ANR	536	Argument	file		388	3					
ANR	537	Identifier	file		388	0					
ANR	538	IfStatement	if ( len != PALMDB_RECORD_INFO_SIZE )		388	3					
ANR	539	Condition	len != PALMDB_RECORD_INFO_SIZE	104:12:3409:3438	388	0	True				
ANR	540	EqualityExpression	len != PALMDB_RECORD_INFO_SIZE		388	0		!=			
ANR	541	Identifier	len		388	0					
ANR	542	Identifier	PALMDB_RECORD_INFO_SIZE		388	1					
ANR	543	CompoundStatement		23:44:828:828	388	1					
ANR	544	ExpressionStatement	mobi_buffer_free ( buf )	105:12:3455:3476	388	0	True				
ANR	545	CallExpression	mobi_buffer_free ( buf )		388	0					
ANR	546	Callee	mobi_buffer_free		388	0					
ANR	547	Identifier	mobi_buffer_free		388	0					
ANR	548	ArgumentList	buf		388	1					
ANR	549	Argument	buf		388	0					
ANR	550	Identifier	buf		388	0					
ANR	551	ReturnStatement	return MOBI_DATA_CORRUPT ;	106:12:3490:3514	388	1	True				
ANR	552	Identifier	MOBI_DATA_CORRUPT		388	0					
ANR	553	IfStatement	if ( i > 0 )		388	4					
ANR	554	Condition	i > 0	108:12:3538:3542	388	0	True				
ANR	555	RelationalExpression	i > 0		388	0		>			
ANR	556	Identifier	i		388	0					
ANR	557	PrimaryExpression	0		388	1					
ANR	558	CompoundStatement		27:19:932:932	388	1					
ANR	559	ExpressionStatement	"curr -> next = calloc ( 1 , sizeof ( MOBIPdbRecord ) )"	109:12:3559:3604	388	0	True				
ANR	560	AssignmentExpression	"curr -> next = calloc ( 1 , sizeof ( MOBIPdbRecord ) )"		388	0		=			
ANR	561	PtrMemberAccess	curr -> next		388	0					
ANR	562	Identifier	curr		388	0					
ANR	563	Identifier	next		388	1					
ANR	564	CallExpression	"calloc ( 1 , sizeof ( MOBIPdbRecord ) )"		388	1					
ANR	565	Callee	calloc		388	0					
ANR	566	Identifier	calloc		388	0					
ANR	567	ArgumentList	1		388	1					
ANR	568	Argument	1		388	0					
ANR	569	PrimaryExpression	1		388	0					
ANR	570	Argument	sizeof ( MOBIPdbRecord )		388	1					
ANR	571	SizeofExpression	sizeof ( MOBIPdbRecord )		388	0					
ANR	572	Sizeof	sizeof		388	0					
ANR	573	SizeofOperand	MOBIPdbRecord		388	1					
ANR	574	IfStatement	if ( curr -> next == NULL )		388	1					
ANR	575	Condition	curr -> next == NULL	110:16:3622:3639	388	0	True				
ANR	576	EqualityExpression	curr -> next == NULL		388	0		==			
ANR	577	PtrMemberAccess	curr -> next		388	0					
ANR	578	Identifier	curr		388	0					
ANR	579	Identifier	next		388	1					
ANR	580	Identifier	NULL		388	1					
ANR	581	CompoundStatement		29:36:1029:1029	388	1					
ANR	582	ExpressionStatement	"debug_print ( ""%s"" , ""Memory allocation for pdb record failed\\n"" )"	111:16:3660:3722	388	0	True				
ANR	583	CallExpression	"debug_print ( ""%s"" , ""Memory allocation for pdb record failed\\n"" )"		388	0					
ANR	584	Callee	debug_print		388	0					
ANR	585	Identifier	debug_print		388	0					
ANR	586	ArgumentList	"""%s"""		388	1					
ANR	587	Argument	"""%s"""		388	0					
ANR	588	PrimaryExpression	"""%s"""		388	0					
ANR	589	Argument	"""Memory allocation for pdb record failed\\n"""		388	1					
ANR	590	PrimaryExpression	"""Memory allocation for pdb record failed\\n"""		388	0					
ANR	591	ExpressionStatement	mobi_buffer_free ( buf )	112:16:3740:3761	388	1	True				
ANR	592	CallExpression	mobi_buffer_free ( buf )		388	0					
ANR	593	Callee	mobi_buffer_free		388	0					
ANR	594	Identifier	mobi_buffer_free		388	0					
ANR	595	ArgumentList	buf		388	1					
ANR	596	Argument	buf		388	0					
ANR	597	Identifier	buf		388	0					
ANR	598	ReturnStatement	return MOBI_MALLOC_FAILED ;	113:16:3779:3804	388	2	True				
ANR	599	Identifier	MOBI_MALLOC_FAILED		388	0					
ANR	600	ExpressionStatement	curr = curr -> next	115:12:3832:3849	388	2	True				
ANR	601	AssignmentExpression	curr = curr -> next		388	0		=			
ANR	602	Identifier	curr		388	0					
ANR	603	PtrMemberAccess	curr -> next		388	1					
ANR	604	Identifier	curr		388	0					
ANR	605	Identifier	next		388	1					
ANR	606	ExpressionStatement	curr -> offset = mobi_buffer_get32 ( buf )	117:8:3869:3906	388	5	True				
ANR	607	AssignmentExpression	curr -> offset = mobi_buffer_get32 ( buf )		388	0		=			
ANR	608	PtrMemberAccess	curr -> offset		388	0					
ANR	609	Identifier	curr		388	0					
ANR	610	Identifier	offset		388	1					
ANR	611	CallExpression	mobi_buffer_get32 ( buf )		388	1					
ANR	612	Callee	mobi_buffer_get32		388	0					
ANR	613	Identifier	mobi_buffer_get32		388	0					
ANR	614	ArgumentList	buf		388	1					
ANR	615	Argument	buf		388	0					
ANR	616	Identifier	buf		388	0					
ANR	617	ExpressionStatement	curr -> attributes = mobi_buffer_get8 ( buf )	118:8:3916:3956	388	6	True				
ANR	618	AssignmentExpression	curr -> attributes = mobi_buffer_get8 ( buf )		388	0		=			
ANR	619	PtrMemberAccess	curr -> attributes		388	0					
ANR	620	Identifier	curr		388	0					
ANR	621	Identifier	attributes		388	1					
ANR	622	CallExpression	mobi_buffer_get8 ( buf )		388	1					
ANR	623	Callee	mobi_buffer_get8		388	0					
ANR	624	Identifier	mobi_buffer_get8		388	0					
ANR	625	ArgumentList	buf		388	1					
ANR	626	Argument	buf		388	0					
ANR	627	Identifier	buf		388	0					
ANR	628	IdentifierDeclStatement	const uint8_t h = mobi_buffer_get8 ( buf ) ;	119:8:3966:4005	388	7	True				
ANR	629	IdentifierDecl	h = mobi_buffer_get8 ( buf )		388	0					
ANR	630	IdentifierDeclType	const uint8_t		388	0					
ANR	631	Identifier	h		388	1					
ANR	632	AssignmentExpression	h = mobi_buffer_get8 ( buf )		388	2		=			
ANR	633	Identifier	h		388	0					
ANR	634	CallExpression	mobi_buffer_get8 ( buf )		388	1					
ANR	635	Callee	mobi_buffer_get8		388	0					
ANR	636	Identifier	mobi_buffer_get8		388	0					
ANR	637	ArgumentList	buf		388	1					
ANR	638	Argument	buf		388	0					
ANR	639	Identifier	buf		388	0					
ANR	640	IdentifierDeclStatement	const uint16_t l = mobi_buffer_get16 ( buf ) ;	120:8:4015:4056	388	8	True				
ANR	641	IdentifierDecl	l = mobi_buffer_get16 ( buf )		388	0					
ANR	642	IdentifierDeclType	const uint16_t		388	0					
ANR	643	Identifier	l		388	1					
ANR	644	AssignmentExpression	l = mobi_buffer_get16 ( buf )		388	2		=			
ANR	645	Identifier	l		388	0					
ANR	646	CallExpression	mobi_buffer_get16 ( buf )		388	1					
ANR	647	Callee	mobi_buffer_get16		388	0					
ANR	648	Identifier	mobi_buffer_get16		388	0					
ANR	649	ArgumentList	buf		388	1					
ANR	650	Argument	buf		388	0					
ANR	651	Identifier	buf		388	0					
ANR	652	ExpressionStatement	curr -> uid = ( uint32_t ) h << 16 | l	121:8:4066:4101	388	9	True				
ANR	653	AssignmentExpression	curr -> uid = ( uint32_t ) h << 16 | l		388	0		=			
ANR	654	PtrMemberAccess	curr -> uid		388	0					
ANR	655	Identifier	curr		388	0					
ANR	656	Identifier	uid		388	1					
ANR	657	InclusiveOrExpression	( uint32_t ) h << 16 | l		388	1		|			
ANR	658	ShiftExpression	( uint32_t ) h << 16		388	0		<<			
ANR	659	CastExpression	( uint32_t ) h		388	0					
ANR	660	CastTarget	uint32_t		388	0					
ANR	661	Identifier	h		388	1					
ANR	662	PrimaryExpression	16		388	1					
ANR	663	Identifier	l		388	1					
ANR	664	ExpressionStatement	curr -> next = NULL	122:8:4111:4128	388	10	True				
ANR	665	AssignmentExpression	curr -> next = NULL		388	0		=			
ANR	666	PtrMemberAccess	curr -> next		388	0					
ANR	667	Identifier	curr		388	0					
ANR	668	Identifier	next		388	1					
ANR	669	Identifier	NULL		388	1					
ANR	670	ExpressionStatement	mobi_buffer_free ( buf )	123:8:4138:4159	388	11	True				
ANR	671	CallExpression	mobi_buffer_free ( buf )		388	0					
ANR	672	Callee	mobi_buffer_free		388	0					
ANR	673	Identifier	mobi_buffer_free		388	0					
ANR	674	ArgumentList	buf		388	1					
ANR	675	Argument	buf		388	0					
ANR	676	Identifier	buf		388	0					
ANR	677	ReturnStatement	return MOBI_SUCCESS ;	125:4:4171:4190	388	6	True				
ANR	678	Identifier	MOBI_SUCCESS		388	0					
ANR	679	ReturnType	MOBI_RET		388	1					
ANR	680	Identifier	mobi_load_reclist		388	2					
ANR	681	ParameterList	"MOBIData * m , FILE * file"		388	3					
ANR	682	Parameter	MOBIData * m	82:27:2587:2597	388	0	True				
ANR	683	ParameterType	MOBIData *		388	0					
ANR	684	Identifier	m		388	1					
ANR	685	Parameter	FILE * file	82:40:2600:2609	388	1	True				
ANR	686	ParameterType	FILE *		388	0					
ANR	687	Identifier	file		388	1					
ANR	688	CFGEntryNode	ENTRY		388		True				
ANR	689	CFGExitNode	EXIT		388		True				
ANR	690	Symbol	curr -> uid		388						
ANR	691	Symbol	* m -> ph		388						
ANR	692	Symbol	PALMDB_RECORD_INFO_SIZE		388						
ANR	693	Symbol	mobi_buffer_get32		388						
ANR	694	Symbol	MOBI_SUCCESS		388						
ANR	695	Symbol	calloc		388						
ANR	696	Symbol	MOBI_INIT_FAILED		388						
ANR	697	Symbol	file		388						
ANR	698	Symbol	curr -> next		388						
ANR	699	Symbol	len		388						
ANR	700	Symbol	mobi_buffer_get16		388						
ANR	701	Symbol	mobi_buffer_get8		388						
ANR	702	Symbol	curr		388						
ANR	703	Symbol	* * m		388						
ANR	704	Symbol	MOBI_FILE_NOT_FOUND		388						
ANR	705	Symbol	m -> rec		388						
ANR	706	Symbol	MOBI_DATA_CORRUPT		388						
ANR	707	Symbol	* buf		388						
ANR	708	Symbol	NULL		388						
ANR	709	Symbol	curr -> offset		388						
ANR	710	Symbol	m -> ph -> rec_count		388						
ANR	711	Symbol	h		388						
ANR	712	Symbol	i		388						
ANR	713	Symbol	mobi_buffer_init		388						
ANR	714	Symbol	l		388						
ANR	715	Symbol	m		388						
ANR	716	Symbol	m -> ph		388						
ANR	717	Symbol	fread		388						
ANR	718	Symbol	buf -> data		388						
ANR	719	Symbol	buf		388						
ANR	720	Symbol	* curr		388						
ANR	721	Symbol	* m		388						
ANR	722	Symbol	curr -> attributes		388						
ANR	723	Symbol	MOBI_MALLOC_FAILED		388						
ANR	724	Function	mobi_load_rec	135:0:4455:5493							
ANR	725	FunctionDef	"mobi_load_rec (MOBIData * m , FILE * file)"		724	0					
ANR	726	CompoundStatement		135:48:4503:5493	724	0					
ANR	727	IdentifierDeclStatement	MOBI_RET ret ;	136:4:4509:4521	724	0	True				
ANR	728	IdentifierDecl	ret		724	0					
ANR	729	IdentifierDeclType	MOBI_RET		724	0					
ANR	730	Identifier	ret		724	1					
ANR	731	IfStatement	if ( m == NULL )		724	1					
ANR	732	Condition	m == NULL	137:8:4531:4539	724	0	True				
ANR	733	EqualityExpression	m == NULL		724	0		==			
ANR	734	Identifier	m		724	0					
ANR	735	Identifier	NULL		724	1					
ANR	736	CompoundStatement		3:19:38:38	724	1					
ANR	737	ExpressionStatement	"debug_print ( ""%s"" , ""Mobi structure not initialized\\n"" )"	138:8:4552:4605	724	0	True				
ANR	738	CallExpression	"debug_print ( ""%s"" , ""Mobi structure not initialized\\n"" )"		724	0					
ANR	739	Callee	debug_print		724	0					
ANR	740	Identifier	debug_print		724	0					
ANR	741	ArgumentList	"""%s"""		724	1					
ANR	742	Argument	"""%s"""		724	0					
ANR	743	PrimaryExpression	"""%s"""		724	0					
ANR	744	Argument	"""Mobi structure not initialized\\n"""		724	1					
ANR	745	PrimaryExpression	"""Mobi structure not initialized\\n"""		724	0					
ANR	746	ReturnStatement	return MOBI_INIT_FAILED ;	139:8:4615:4638	724	1	True				
ANR	747	Identifier	MOBI_INIT_FAILED		724	0					
ANR	748	IdentifierDeclStatement	MOBIPdbRecord * curr = m -> rec ;	141:4:4650:4678	724	2	True				
ANR	749	IdentifierDecl	* curr = m -> rec		724	0					
ANR	750	IdentifierDeclType	MOBIPdbRecord *		724	0					
ANR	751	Identifier	curr		724	1					
ANR	752	AssignmentExpression	* curr = m -> rec		724	2		=			
ANR	753	Identifier	curr		724	0					
ANR	754	PtrMemberAccess	m -> rec		724	1					
ANR	755	Identifier	m		724	0					
ANR	756	Identifier	rec		724	1					
ANR	757	WhileStatement	while ( curr != NULL )		724	3					
ANR	758	Condition	curr != NULL	142:11:4691:4702	724	0	True				
ANR	759	EqualityExpression	curr != NULL		724	0		!=			
ANR	760	Identifier	curr		724	0					
ANR	761	Identifier	NULL		724	1					
ANR	762	CompoundStatement		10:8:240:251	724	1					
ANR	763	IdentifierDeclStatement	MOBIPdbRecord * next ;	143:8:4715:4734	724	0	True				
ANR	764	IdentifierDecl	* next		724	0					
ANR	765	IdentifierDeclType	MOBIPdbRecord *		724	0					
ANR	766	Identifier	next		724	1					
ANR	767	IdentifierDeclStatement	size_t size ;	144:8:4744:4755	724	1	True				
ANR	768	IdentifierDecl	size		724	0					
ANR	769	IdentifierDeclType	size_t		724	0					
ANR	770	Identifier	size		724	1					
ANR	771	IfStatement	if ( curr -> next != NULL )		724	2					
ANR	772	Condition	curr -> next != NULL	145:12:4769:4786	724	0	True				
ANR	773	EqualityExpression	curr -> next != NULL		724	0		!=			
ANR	774	PtrMemberAccess	curr -> next		724	0					
ANR	775	Identifier	curr		724	0					
ANR	776	Identifier	next		724	1					
ANR	777	Identifier	NULL		724	1					
ANR	778	CompoundStatement		11:32:285:285	724	1					
ANR	779	ExpressionStatement	next = curr -> next	146:12:4803:4820	724	0	True				
ANR	780	AssignmentExpression	next = curr -> next		724	0		=			
ANR	781	Identifier	next		724	0					
ANR	782	PtrMemberAccess	curr -> next		724	1					
ANR	783	Identifier	curr		724	0					
ANR	784	Identifier	next		724	1					
ANR	785	ExpressionStatement	size = next -> offset - curr -> offset	147:12:4834:4868	724	1	True				
ANR	786	AssignmentExpression	size = next -> offset - curr -> offset		724	0		=			
ANR	787	Identifier	size		724	0					
ANR	788	AdditiveExpression	next -> offset - curr -> offset		724	1		-			
ANR	789	PtrMemberAccess	next -> offset		724	0					
ANR	790	Identifier	next		724	0					
ANR	791	Identifier	offset		724	1					
ANR	792	PtrMemberAccess	curr -> offset		724	1					
ANR	793	Identifier	curr		724	0					
ANR	794	Identifier	offset		724	1					
ANR	795	ElseStatement	else		724	0					
ANR	796	CompoundStatement		16:12:433:471	724	0					
ANR	797	ExpressionStatement	"fseek ( file , 0 , SEEK_END )"	149:12:4899:4923	724	0	True				
ANR	798	CallExpression	"fseek ( file , 0 , SEEK_END )"		724	0					
ANR	799	Callee	fseek		724	0					
ANR	800	Identifier	fseek		724	0					
ANR	801	ArgumentList	file		724	1					
ANR	802	Argument	file		724	0					
ANR	803	Identifier	file		724	0					
ANR	804	Argument	0		724	1					
ANR	805	PrimaryExpression	0		724	0					
ANR	806	Argument	SEEK_END		724	2					
ANR	807	Identifier	SEEK_END		724	0					
ANR	808	IdentifierDeclStatement	long diff = ftell ( file ) - curr -> offset ;	150:12:4937:4975	724	1	True				
ANR	809	IdentifierDecl	diff = ftell ( file ) - curr -> offset		724	0					
ANR	810	IdentifierDeclType	long		724	0					
ANR	811	Identifier	diff		724	1					
ANR	812	AssignmentExpression	diff = ftell ( file ) - curr -> offset		724	2		=			
ANR	813	Identifier	diff		724	0					
ANR	814	AdditiveExpression	ftell ( file ) - curr -> offset		724	1		-			
ANR	815	CallExpression	ftell ( file )		724	0					
ANR	816	Callee	ftell		724	0					
ANR	817	Identifier	ftell		724	0					
ANR	818	ArgumentList	file		724	1					
ANR	819	Argument	file		724	0					
ANR	820	Identifier	file		724	0					
ANR	821	PtrMemberAccess	curr -> offset		724	1					
ANR	822	Identifier	curr		724	0					
ANR	823	Identifier	offset		724	1					
ANR	824	IfStatement	if ( diff <= 0 )		724	2					
ANR	825	Condition	diff <= 0	151:16:4993:5001	724	0	True				
ANR	826	RelationalExpression	diff <= 0		724	0		<=			
ANR	827	Identifier	diff		724	0					
ANR	828	PrimaryExpression	0		724	1					
ANR	829	CompoundStatement		17:27:500:500	724	1					
ANR	830	ExpressionStatement	"debug_print ( ""Wrong record size: %li\\n"" , diff )"	152:16:5022:5067	724	0	True				
ANR	831	CallExpression	"debug_print ( ""Wrong record size: %li\\n"" , diff )"		724	0					
ANR	832	Callee	debug_print		724	0					
ANR	833	Identifier	debug_print		724	0					
ANR	834	ArgumentList	"""Wrong record size: %li\\n"""		724	1					
ANR	835	Argument	"""Wrong record size: %li\\n"""		724	0					
ANR	836	PrimaryExpression	"""Wrong record size: %li\\n"""		724	0					
ANR	837	Argument	diff		724	1					
ANR	838	Identifier	diff		724	0					
ANR	839	ReturnStatement	return MOBI_DATA_CORRUPT ;	153:16:5085:5109	724	1	True				
ANR	840	Identifier	MOBI_DATA_CORRUPT		724	0					
ANR	841	ExpressionStatement	size = ( size_t ) diff	155:12:5137:5157	724	3	True				
ANR	842	AssignmentExpression	size = ( size_t ) diff		724	0		=			
ANR	843	Identifier	size		724	0					
ANR	844	CastExpression	( size_t ) diff		724	1					
ANR	845	CastTarget	size_t		724	0					
ANR	846	Identifier	diff		724	1					
ANR	847	ExpressionStatement	next = NULL	156:12:5171:5182	724	4	True				
ANR	848	AssignmentExpression	next = NULL		724	0		=			
ANR	849	Identifier	next		724	0					
ANR	850	Identifier	NULL		724	1					
ANR	851	ExpressionStatement	curr -> size = size	159:8:5203:5220	724	3	True				
ANR	852	AssignmentExpression	curr -> size = size		724	0		=			
ANR	853	PtrMemberAccess	curr -> size		724	0					
ANR	854	Identifier	curr		724	0					
ANR	855	Identifier	size		724	1					
ANR	856	Identifier	size		724	1					
ANR	857	ExpressionStatement	"ret = mobi_load_recdata ( curr , file )"	160:8:5230:5265	724	4	True				
ANR	858	AssignmentExpression	"ret = mobi_load_recdata ( curr , file )"		724	0		=			
ANR	859	Identifier	ret		724	0					
ANR	860	CallExpression	"mobi_load_recdata ( curr , file )"		724	1					
ANR	861	Callee	mobi_load_recdata		724	0					
ANR	862	Identifier	mobi_load_recdata		724	0					
ANR	863	ArgumentList	curr		724	1					
ANR	864	Argument	curr		724	0					
ANR	865	Identifier	curr		724	0					
ANR	866	Argument	file		724	1					
ANR	867	Identifier	file		724	0					
ANR	868	IfStatement	if ( ret != MOBI_SUCCESS )		724	5					
ANR	869	Condition	ret != MOBI_SUCCESS	161:12:5279:5298	724	0	True				
ANR	870	EqualityExpression	ret != MOBI_SUCCESS		724	0		!=			
ANR	871	Identifier	ret		724	0					
ANR	872	Identifier	MOBI_SUCCESS		724	1					
ANR	873	CompoundStatement		27:34:797:797	724	1					
ANR	874	ExpressionStatement	"debug_print ( ""Error loading record uid %i data\\n"" , curr -> uid )"	162:12:5315:5375	724	0	True				
ANR	875	CallExpression	"debug_print ( ""Error loading record uid %i data\\n"" , curr -> uid )"		724	0					
ANR	876	Callee	debug_print		724	0					
ANR	877	Identifier	debug_print		724	0					
ANR	878	ArgumentList	"""Error loading record uid %i data\\n"""		724	1					
ANR	879	Argument	"""Error loading record uid %i data\\n"""		724	0					
ANR	880	PrimaryExpression	"""Error loading record uid %i data\\n"""		724	0					
ANR	881	Argument	curr -> uid		724	1					
ANR	882	PtrMemberAccess	curr -> uid		724	0					
ANR	883	Identifier	curr		724	0					
ANR	884	Identifier	uid		724	1					
ANR	885	ExpressionStatement	mobi_free_rec ( m )	163:12:5389:5405	724	1	True				
ANR	886	CallExpression	mobi_free_rec ( m )		724	0					
ANR	887	Callee	mobi_free_rec		724	0					
ANR	888	Identifier	mobi_free_rec		724	0					
ANR	889	ArgumentList	m		724	1					
ANR	890	Argument	m		724	0					
ANR	891	Identifier	m		724	0					
ANR	892	ReturnStatement	return ret ;	164:12:5419:5429	724	2	True				
ANR	893	Identifier	ret		724	0					
ANR	894	ExpressionStatement	curr = next	166:8:5449:5460	724	6	True				
ANR	895	AssignmentExpression	curr = next		724	0		=			
ANR	896	Identifier	curr		724	0					
ANR	897	Identifier	next		724	1					
ANR	898	ReturnStatement	return MOBI_SUCCESS ;	168:4:5472:5491	724	4	True				
ANR	899	Identifier	MOBI_SUCCESS		724	0					
ANR	900	ReturnType	MOBI_RET		724	1					
ANR	901	Identifier	mobi_load_rec		724	2					
ANR	902	ParameterList	"MOBIData * m , FILE * file"		724	3					
ANR	903	Parameter	MOBIData * m	135:23:4478:4488	724	0	True				
ANR	904	ParameterType	MOBIData *		724	0					
ANR	905	Identifier	m		724	1					
ANR	906	Parameter	FILE * file	135:36:4491:4500	724	1	True				
ANR	907	ParameterType	FILE *		724	0					
ANR	908	Identifier	file		724	1					
ANR	909	CFGEntryNode	ENTRY		724		True				
ANR	910	CFGExitNode	EXIT		724		True				
ANR	911	Symbol	ret		724						
ANR	912	Symbol	next		724						
ANR	913	Symbol	MOBI_DATA_CORRUPT		724						
ANR	914	Symbol	NULL		724						
ANR	915	Symbol	curr -> offset		724						
ANR	916	Symbol	curr -> uid		724						
ANR	917	Symbol	ftell		724						
ANR	918	Symbol	MOBI_SUCCESS		724						
ANR	919	Symbol	diff		724						
ANR	920	Symbol	* next		724						
ANR	921	Symbol	curr -> size		724						
ANR	922	Symbol	m		724						
ANR	923	Symbol	SEEK_END		724						
ANR	924	Symbol	MOBI_INIT_FAILED		724						
ANR	925	Symbol	file		724						
ANR	926	Symbol	curr -> next		724						
ANR	927	Symbol	mobi_load_recdata		724						
ANR	928	Symbol	size		724						
ANR	929	Symbol	* curr		724						
ANR	930	Symbol	* m		724						
ANR	931	Symbol	next -> offset		724						
ANR	932	Symbol	curr		724						
ANR	933	Symbol	m -> rec		724						
ANR	934	Function	mobi_load_recdata	178:0:5743:6375							
ANR	935	FunctionDef	"mobi_load_recdata (MOBIPdbRecord * rec , FILE * file)"		934	0					
ANR	936	CompoundStatement		178:59:5802:6375	934	0					
ANR	937	IdentifierDeclStatement	"const int ret = fseek ( file , rec -> offset , SEEK_SET ) ;"	179:4:5808:5858	934	0	True				
ANR	938	IdentifierDecl	"ret = fseek ( file , rec -> offset , SEEK_SET )"		934	0					
ANR	939	IdentifierDeclType	const int		934	0					
ANR	940	Identifier	ret		934	1					
ANR	941	AssignmentExpression	"ret = fseek ( file , rec -> offset , SEEK_SET )"		934	2		=			
ANR	942	Identifier	ret		934	0					
ANR	943	CallExpression	"fseek ( file , rec -> offset , SEEK_SET )"		934	1					
ANR	944	Callee	fseek		934	0					
ANR	945	Identifier	fseek		934	0					
ANR	946	ArgumentList	file		934	1					
ANR	947	Argument	file		934	0					
ANR	948	Identifier	file		934	0					
ANR	949	Argument	rec -> offset		934	1					
ANR	950	PtrMemberAccess	rec -> offset		934	0					
ANR	951	Identifier	rec		934	0					
ANR	952	Identifier	offset		934	1					
ANR	953	Argument	SEEK_SET		934	2					
ANR	954	Identifier	SEEK_SET		934	0					
ANR	955	IfStatement	if ( ret != 0 )		934	1					
ANR	956	Condition	ret != 0	180:8:5868:5875	934	0	True				
ANR	957	EqualityExpression	ret != 0		934	0		!=			
ANR	958	Identifier	ret		934	0					
ANR	959	PrimaryExpression	0		934	1					
ANR	960	CompoundStatement		3:18:75:75	934	1					
ANR	961	ExpressionStatement	"debug_print ( ""Record %i not found\\n"" , rec -> uid )"	181:8:5888:5934	934	0	True				
ANR	962	CallExpression	"debug_print ( ""Record %i not found\\n"" , rec -> uid )"		934	0					
ANR	963	Callee	debug_print		934	0					
ANR	964	Identifier	debug_print		934	0					
ANR	965	ArgumentList	"""Record %i not found\\n"""		934	1					
ANR	966	Argument	"""Record %i not found\\n"""		934	0					
ANR	967	PrimaryExpression	"""Record %i not found\\n"""		934	0					
ANR	968	Argument	rec -> uid		934	1					
ANR	969	PtrMemberAccess	rec -> uid		934	0					
ANR	970	Identifier	rec		934	0					
ANR	971	Identifier	uid		934	1					
ANR	972	ReturnStatement	return MOBI_DATA_CORRUPT ;	182:8:5944:5968	934	1	True				
ANR	973	Identifier	MOBI_DATA_CORRUPT		934	0					
ANR	974	ExpressionStatement	rec -> data = malloc ( rec -> size )	184:4:5980:6009	934	2	True				
ANR	975	AssignmentExpression	rec -> data = malloc ( rec -> size )		934	0		=			
ANR	976	PtrMemberAccess	rec -> data		934	0					
ANR	977	Identifier	rec		934	0					
ANR	978	Identifier	data		934	1					
ANR	979	CallExpression	malloc ( rec -> size )		934	1					
ANR	980	Callee	malloc		934	0					
ANR	981	Identifier	malloc		934	0					
ANR	982	ArgumentList	rec -> size		934	1					
ANR	983	Argument	rec -> size		934	0					
ANR	984	PtrMemberAccess	rec -> size		934	0					
ANR	985	Identifier	rec		934	0					
ANR	986	Identifier	size		934	1					
ANR	987	IfStatement	if ( rec -> data == NULL )		934	3					
ANR	988	Condition	rec -> data == NULL	185:8:6019:6035	934	0	True				
ANR	989	EqualityExpression	rec -> data == NULL		934	0		==			
ANR	990	PtrMemberAccess	rec -> data		934	0					
ANR	991	Identifier	rec		934	0					
ANR	992	Identifier	data		934	1					
ANR	993	Identifier	NULL		934	1					
ANR	994	CompoundStatement		8:27:235:235	934	1					
ANR	995	ExpressionStatement	"debug_print ( ""%s"" , ""Memory allocation for pdb record data failed\\n"" )"	186:8:6048:6115	934	0	True				
ANR	996	CallExpression	"debug_print ( ""%s"" , ""Memory allocation for pdb record data failed\\n"" )"		934	0					
ANR	997	Callee	debug_print		934	0					
ANR	998	Identifier	debug_print		934	0					
ANR	999	ArgumentList	"""%s"""		934	1					
ANR	1000	Argument	"""%s"""		934	0					
ANR	1001	PrimaryExpression	"""%s"""		934	0					
ANR	1002	Argument	"""Memory allocation for pdb record data failed\\n"""		934	1					
ANR	1003	PrimaryExpression	"""Memory allocation for pdb record data failed\\n"""		934	0					
ANR	1004	ReturnStatement	return MOBI_MALLOC_FAILED ;	187:8:6125:6150	934	1	True				
ANR	1005	Identifier	MOBI_MALLOC_FAILED		934	0					
ANR	1006	IdentifierDeclStatement	"const size_t len = fread ( rec -> data , 1 , rec -> size , file ) ;"	189:4:6162:6217	934	4	True				
ANR	1007	IdentifierDecl	"len = fread ( rec -> data , 1 , rec -> size , file )"		934	0					
ANR	1008	IdentifierDeclType	const size_t		934	0					
ANR	1009	Identifier	len		934	1					
ANR	1010	AssignmentExpression	"len = fread ( rec -> data , 1 , rec -> size , file )"		934	2		=			
ANR	1011	Identifier	len		934	0					
ANR	1012	CallExpression	"fread ( rec -> data , 1 , rec -> size , file )"		934	1					
ANR	1013	Callee	fread		934	0					
ANR	1014	Identifier	fread		934	0					
ANR	1015	ArgumentList	rec -> data		934	1					
ANR	1016	Argument	rec -> data		934	0					
ANR	1017	PtrMemberAccess	rec -> data		934	0					
ANR	1018	Identifier	rec		934	0					
ANR	1019	Identifier	data		934	1					
ANR	1020	Argument	1		934	1					
ANR	1021	PrimaryExpression	1		934	0					
ANR	1022	Argument	rec -> size		934	2					
ANR	1023	PtrMemberAccess	rec -> size		934	0					
ANR	1024	Identifier	rec		934	0					
ANR	1025	Identifier	size		934	1					
ANR	1026	Argument	file		934	3					
ANR	1027	Identifier	file		934	0					
ANR	1028	IfStatement	if ( len < rec -> size )		934	5					
ANR	1029	Condition	len < rec -> size	190:8:6227:6241	934	0	True				
ANR	1030	RelationalExpression	len < rec -> size		934	0		<			
ANR	1031	Identifier	len		934	0					
ANR	1032	PtrMemberAccess	rec -> size		934	1					
ANR	1033	Identifier	rec		934	0					
ANR	1034	Identifier	size		934	1					
ANR	1035	CompoundStatement		13:25:441:441	934	1					
ANR	1036	ExpressionStatement	"debug_print ( ""Truncated data in record %i\\n"" , rec -> uid )"	191:8:6254:6308	934	0	True				
ANR	1037	CallExpression	"debug_print ( ""Truncated data in record %i\\n"" , rec -> uid )"		934	0					
ANR	1038	Callee	debug_print		934	0					
ANR	1039	Identifier	debug_print		934	0					
ANR	1040	ArgumentList	"""Truncated data in record %i\\n"""		934	1					
ANR	1041	Argument	"""Truncated data in record %i\\n"""		934	0					
ANR	1042	PrimaryExpression	"""Truncated data in record %i\\n"""		934	0					
ANR	1043	Argument	rec -> uid		934	1					
ANR	1044	PtrMemberAccess	rec -> uid		934	0					
ANR	1045	Identifier	rec		934	0					
ANR	1046	Identifier	uid		934	1					
ANR	1047	ReturnStatement	return MOBI_DATA_CORRUPT ;	192:8:6318:6342	934	1	True				
ANR	1048	Identifier	MOBI_DATA_CORRUPT		934	0					
ANR	1049	ReturnStatement	return MOBI_SUCCESS ;	194:4:6354:6373	934	6	True				
ANR	1050	Identifier	MOBI_SUCCESS		934	0					
ANR	1051	ReturnType	MOBI_RET		934	1					
ANR	1052	Identifier	mobi_load_recdata		934	2					
ANR	1053	ParameterList	"MOBIPdbRecord * rec , FILE * file"		934	3					
ANR	1054	Parameter	MOBIPdbRecord * rec	178:27:5770:5787	934	0	True				
ANR	1055	ParameterType	MOBIPdbRecord *		934	0					
ANR	1056	Identifier	rec		934	1					
ANR	1057	Parameter	FILE * file	178:47:5790:5799	934	1	True				
ANR	1058	ParameterType	FILE *		934	0					
ANR	1059	Identifier	file		934	1					
ANR	1060	CFGEntryNode	ENTRY		934		True				
ANR	1061	CFGExitNode	EXIT		934		True				
ANR	1062	Symbol	SEEK_SET		934						
ANR	1063	Symbol	ret		934						
ANR	1064	Symbol	MOBI_DATA_CORRUPT		934						
ANR	1065	Symbol	malloc		934						
ANR	1066	Symbol	NULL		934						
ANR	1067	Symbol	rec -> uid		934						
ANR	1068	Symbol	MOBI_SUCCESS		934						
ANR	1069	Symbol	rec -> size		934						
ANR	1070	Symbol	fseek		934						
ANR	1071	Symbol	rec -> data		934						
ANR	1072	Symbol	fread		934						
ANR	1073	Symbol	rec -> offset		934						
ANR	1074	Symbol	rec		934						
ANR	1075	Symbol	file		934						
ANR	1076	Symbol	len		934						
ANR	1077	Symbol	* rec		934						
ANR	1078	Symbol	MOBI_MALLOC_FAILED		934						
ANR	1079	Function	mobi_parse_extheader	204:0:6639:8893							
ANR	1080	FunctionDef	"mobi_parse_extheader (MOBIData * m , MOBIBuffer * buf)"		1079	0					
ANR	1081	CompoundStatement		204:60:6699:8893	1079	0					
ANR	1082	IfStatement	if ( m == NULL )		1079	0					
ANR	1083	Condition	m == NULL	205:8:6709:6717	1079	0	True				
ANR	1084	EqualityExpression	m == NULL		1079	0		==			
ANR	1085	Identifier	m		1079	0					
ANR	1086	Identifier	NULL		1079	1					
ANR	1087	CompoundStatement		2:19:20:20	1079	1					
ANR	1088	ExpressionStatement	"debug_print ( ""%s"" , ""Mobi structure not initialized\\n"" )"	206:8:6730:6783	1079	0	True				
ANR	1089	CallExpression	"debug_print ( ""%s"" , ""Mobi structure not initialized\\n"" )"		1079	0					
ANR	1090	Callee	debug_print		1079	0					
ANR	1091	Identifier	debug_print		1079	0					
ANR	1092	ArgumentList	"""%s"""		1079	1					
ANR	1093	Argument	"""%s"""		1079	0					
ANR	1094	PrimaryExpression	"""%s"""		1079	0					
ANR	1095	Argument	"""Mobi structure not initialized\\n"""		1079	1					
ANR	1096	PrimaryExpression	"""Mobi structure not initialized\\n"""		1079	0					
ANR	1097	ReturnStatement	return MOBI_INIT_FAILED ;	207:8:6793:6816	1079	1	True				
ANR	1098	Identifier	MOBI_INIT_FAILED		1079	0					
ANR	1099	IdentifierDeclStatement	char exth_magic [ 5 ] ;	209:4:6828:6846	1079	1	True				
ANR	1100	IdentifierDecl	exth_magic [ 5 ]		1079	0					
ANR	1101	IdentifierDeclType	char [ 5 ]		1079	0					
ANR	1102	Identifier	exth_magic		1079	1					
ANR	1103	PrimaryExpression	5		1079	2					
ANR	1104	IdentifierDeclStatement	const size_t header_length = 12 ;	210:4:6852:6883	1079	2	True				
ANR	1105	IdentifierDecl	header_length = 12		1079	0					
ANR	1106	IdentifierDeclType	const size_t		1079	0					
ANR	1107	Identifier	header_length		1079	1					
ANR	1108	AssignmentExpression	header_length = 12		1079	2		=			
ANR	1109	Identifier	header_length		1079	0					
ANR	1110	PrimaryExpression	12		1079	1					
ANR	1111	ExpressionStatement	"mobi_buffer_getstring ( exth_magic , buf , 4 )"	211:4:6889:6930	1079	3	True				
ANR	1112	CallExpression	"mobi_buffer_getstring ( exth_magic , buf , 4 )"		1079	0					
ANR	1113	Callee	mobi_buffer_getstring		1079	0					
ANR	1114	Identifier	mobi_buffer_getstring		1079	0					
ANR	1115	ArgumentList	exth_magic		1079	1					
ANR	1116	Argument	exth_magic		1079	0					
ANR	1117	Identifier	exth_magic		1079	0					
ANR	1118	Argument	buf		1079	1					
ANR	1119	Identifier	buf		1079	0					
ANR	1120	Argument	4		1079	2					
ANR	1121	PrimaryExpression	4		1079	0					
ANR	1122	IdentifierDeclStatement	const size_t exth_length = mobi_buffer_get32 ( buf ) - header_length ;	212:4:6936:7001	1079	4	True				
ANR	1123	IdentifierDecl	exth_length = mobi_buffer_get32 ( buf ) - header_length		1079	0					
ANR	1124	IdentifierDeclType	const size_t		1079	0					
ANR	1125	Identifier	exth_length		1079	1					
ANR	1126	AssignmentExpression	exth_length = mobi_buffer_get32 ( buf ) - header_length		1079	2		=			
ANR	1127	Identifier	exth_length		1079	0					
ANR	1128	AdditiveExpression	mobi_buffer_get32 ( buf ) - header_length		1079	1		-			
ANR	1129	CallExpression	mobi_buffer_get32 ( buf )		1079	0					
ANR	1130	Callee	mobi_buffer_get32		1079	0					
ANR	1131	Identifier	mobi_buffer_get32		1079	0					
ANR	1132	ArgumentList	buf		1079	1					
ANR	1133	Argument	buf		1079	0					
ANR	1134	Identifier	buf		1079	0					
ANR	1135	Identifier	header_length		1079	1					
ANR	1136	IdentifierDeclStatement	const size_t rec_count = mobi_buffer_get32 ( buf ) ;	213:4:7007:7054	1079	5	True				
ANR	1137	IdentifierDecl	rec_count = mobi_buffer_get32 ( buf )		1079	0					
ANR	1138	IdentifierDeclType	const size_t		1079	0					
ANR	1139	Identifier	rec_count		1079	1					
ANR	1140	AssignmentExpression	rec_count = mobi_buffer_get32 ( buf )		1079	2		=			
ANR	1141	Identifier	rec_count		1079	0					
ANR	1142	CallExpression	mobi_buffer_get32 ( buf )		1079	1					
ANR	1143	Callee	mobi_buffer_get32		1079	0					
ANR	1144	Identifier	mobi_buffer_get32		1079	0					
ANR	1145	ArgumentList	buf		1079	1					
ANR	1146	Argument	buf		1079	0					
ANR	1147	Identifier	buf		1079	0					
ANR	1148	IfStatement	"if ( strncmp ( exth_magic , EXTH_MAGIC , 4 ) != 0 || exth_length + buf -> offset > buf -> maxlen || rec_count == 0 || rec_count > MOBI_EXTH_MAXCNT )"		1079	6					
ANR	1149	Condition	"strncmp ( exth_magic , EXTH_MAGIC , 4 ) != 0 || exth_length + buf -> offset > buf -> maxlen || rec_count == 0 || rec_count > MOBI_EXTH_MAXCNT"	214:8:7064:7211	1079	0	True				
ANR	1150	OrExpression	"strncmp ( exth_magic , EXTH_MAGIC , 4 ) != 0 || exth_length + buf -> offset > buf -> maxlen || rec_count == 0 || rec_count > MOBI_EXTH_MAXCNT"		1079	0		||			
ANR	1151	EqualityExpression	"strncmp ( exth_magic , EXTH_MAGIC , 4 ) != 0"		1079	0		!=			
ANR	1152	CallExpression	"strncmp ( exth_magic , EXTH_MAGIC , 4 )"		1079	0					
ANR	1153	Callee	strncmp		1079	0					
ANR	1154	Identifier	strncmp		1079	0					
ANR	1155	ArgumentList	exth_magic		1079	1					
ANR	1156	Argument	exth_magic		1079	0					
ANR	1157	Identifier	exth_magic		1079	0					
ANR	1158	Argument	EXTH_MAGIC		1079	1					
ANR	1159	Identifier	EXTH_MAGIC		1079	0					
ANR	1160	Argument	4		1079	2					
ANR	1161	PrimaryExpression	4		1079	0					
ANR	1162	PrimaryExpression	0		1079	1					
ANR	1163	OrExpression	exth_length + buf -> offset > buf -> maxlen || rec_count == 0 || rec_count > MOBI_EXTH_MAXCNT		1079	1		||			
ANR	1164	RelationalExpression	exth_length + buf -> offset > buf -> maxlen		1079	0		>			
ANR	1165	AdditiveExpression	exth_length + buf -> offset		1079	0		+			
ANR	1166	Identifier	exth_length		1079	0					
ANR	1167	PtrMemberAccess	buf -> offset		1079	1					
ANR	1168	Identifier	buf		1079	0					
ANR	1169	Identifier	offset		1079	1					
ANR	1170	PtrMemberAccess	buf -> maxlen		1079	1					
ANR	1171	Identifier	buf		1079	0					
ANR	1172	Identifier	maxlen		1079	1					
ANR	1173	OrExpression	rec_count == 0 || rec_count > MOBI_EXTH_MAXCNT		1079	1		||			
ANR	1174	EqualityExpression	rec_count == 0		1079	0		==			
ANR	1175	Identifier	rec_count		1079	0					
ANR	1176	PrimaryExpression	0		1079	1					
ANR	1177	RelationalExpression	rec_count > MOBI_EXTH_MAXCNT		1079	1		>			
ANR	1178	Identifier	rec_count		1079	0					
ANR	1179	Identifier	MOBI_EXTH_MAXCNT		1079	1					
ANR	1180	CompoundStatement		13:56:514:514	1079	1					
ANR	1181	ExpressionStatement	"debug_print ( ""%s"" , ""Sanity checks for EXTH header failed\\n"" )"	217:8:7224:7283	1079	0	True				
ANR	1182	CallExpression	"debug_print ( ""%s"" , ""Sanity checks for EXTH header failed\\n"" )"		1079	0					
ANR	1183	Callee	debug_print		1079	0					
ANR	1184	Identifier	debug_print		1079	0					
ANR	1185	ArgumentList	"""%s"""		1079	1					
ANR	1186	Argument	"""%s"""		1079	0					
ANR	1187	PrimaryExpression	"""%s"""		1079	0					
ANR	1188	Argument	"""Sanity checks for EXTH header failed\\n"""		1079	1					
ANR	1189	PrimaryExpression	"""Sanity checks for EXTH header failed\\n"""		1079	0					
ANR	1190	ReturnStatement	return MOBI_DATA_CORRUPT ;	218:8:7293:7317	1079	1	True				
ANR	1191	Identifier	MOBI_DATA_CORRUPT		1079	0					
ANR	1192	IdentifierDeclStatement	const size_t saved_maxlen = buf -> maxlen ;	220:4:7329:7368	1079	7	True				
ANR	1193	IdentifierDecl	saved_maxlen = buf -> maxlen		1079	0					
ANR	1194	IdentifierDeclType	const size_t		1079	0					
ANR	1195	Identifier	saved_maxlen		1079	1					
ANR	1196	AssignmentExpression	saved_maxlen = buf -> maxlen		1079	2		=			
ANR	1197	Identifier	saved_maxlen		1079	0					
ANR	1198	PtrMemberAccess	buf -> maxlen		1079	1					
ANR	1199	Identifier	buf		1079	0					
ANR	1200	Identifier	maxlen		1079	1					
ANR	1201	ExpressionStatement	buf -> maxlen = exth_length + buf -> offset	221:4:7374:7413	1079	8	True				
ANR	1202	AssignmentExpression	buf -> maxlen = exth_length + buf -> offset		1079	0		=			
ANR	1203	PtrMemberAccess	buf -> maxlen		1079	0					
ANR	1204	Identifier	buf		1079	0					
ANR	1205	Identifier	maxlen		1079	1					
ANR	1206	AdditiveExpression	exth_length + buf -> offset		1079	1		+			
ANR	1207	Identifier	exth_length		1079	0					
ANR	1208	PtrMemberAccess	buf -> offset		1079	1					
ANR	1209	Identifier	buf		1079	0					
ANR	1210	Identifier	offset		1079	1					
ANR	1211	ExpressionStatement	"m -> eh = calloc ( 1 , sizeof ( MOBIExthHeader ) )"	222:4:7419:7460	1079	9	True				
ANR	1212	AssignmentExpression	"m -> eh = calloc ( 1 , sizeof ( MOBIExthHeader ) )"		1079	0		=			
ANR	1213	PtrMemberAccess	m -> eh		1079	0					
ANR	1214	Identifier	m		1079	0					
ANR	1215	Identifier	eh		1079	1					
ANR	1216	CallExpression	"calloc ( 1 , sizeof ( MOBIExthHeader ) )"		1079	1					
ANR	1217	Callee	calloc		1079	0					
ANR	1218	Identifier	calloc		1079	0					
ANR	1219	ArgumentList	1		1079	1					
ANR	1220	Argument	1		1079	0					
ANR	1221	PrimaryExpression	1		1079	0					
ANR	1222	Argument	sizeof ( MOBIExthHeader )		1079	1					
ANR	1223	SizeofExpression	sizeof ( MOBIExthHeader )		1079	0					
ANR	1224	Sizeof	sizeof		1079	0					
ANR	1225	SizeofOperand	MOBIExthHeader		1079	1					
ANR	1226	IfStatement	if ( m -> eh == NULL )		1079	10					
ANR	1227	Condition	m -> eh == NULL	223:8:7470:7482	1079	0	True				
ANR	1228	EqualityExpression	m -> eh == NULL		1079	0		==			
ANR	1229	PtrMemberAccess	m -> eh		1079	0					
ANR	1230	Identifier	m		1079	0					
ANR	1231	Identifier	eh		1079	1					
ANR	1232	Identifier	NULL		1079	1					
ANR	1233	CompoundStatement		20:23:785:785	1079	1					
ANR	1234	ExpressionStatement	"debug_print ( ""%s"" , ""Memory allocation for EXTH header failed\\n"" )"	224:8:7495:7558	1079	0	True				
ANR	1235	CallExpression	"debug_print ( ""%s"" , ""Memory allocation for EXTH header failed\\n"" )"		1079	0					
ANR	1236	Callee	debug_print		1079	0					
ANR	1237	Identifier	debug_print		1079	0					
ANR	1238	ArgumentList	"""%s"""		1079	1					
ANR	1239	Argument	"""%s"""		1079	0					
ANR	1240	PrimaryExpression	"""%s"""		1079	0					
ANR	1241	Argument	"""Memory allocation for EXTH header failed\\n"""		1079	1					
ANR	1242	PrimaryExpression	"""Memory allocation for EXTH header failed\\n"""		1079	0					
ANR	1243	ReturnStatement	return MOBI_MALLOC_FAILED ;	225:8:7568:7593	1079	1	True				
ANR	1244	Identifier	MOBI_MALLOC_FAILED		1079	0					
ANR	1245	IdentifierDeclStatement	MOBIExthHeader * curr = m -> eh ;	227:4:7605:7633	1079	11	True				
ANR	1246	IdentifierDecl	* curr = m -> eh		1079	0					
ANR	1247	IdentifierDeclType	MOBIExthHeader *		1079	0					
ANR	1248	Identifier	curr		1079	1					
ANR	1249	AssignmentExpression	* curr = m -> eh		1079	2		=			
ANR	1250	Identifier	curr		1079	0					
ANR	1251	PtrMemberAccess	m -> eh		1079	1					
ANR	1252	Identifier	m		1079	0					
ANR	1253	Identifier	eh		1079	1					
ANR	1254	ForStatement	for ( size_t i = 0 ; i < rec_count ; i ++ )		1079	12					
ANR	1255	ForInit	size_t i = 0 ;	228:9:7644:7656	1079	0	True				
ANR	1256	IdentifierDeclStatement	size_t i = 0 ;		1079	0					
ANR	1257	IdentifierDecl	i = 0		1079	0					
ANR	1258	IdentifierDeclType	size_t		1079	0					
ANR	1259	Identifier	i		1079	1					
ANR	1260	AssignmentExpression	i = 0		1079	2		=			
ANR	1261	Identifier	i		1079	0					
ANR	1262	PrimaryExpression	0		1079	1					
ANR	1263	Condition	i < rec_count	228:23:7658:7670	1079	1	True				
ANR	1264	RelationalExpression	i < rec_count		1079	0		<			
ANR	1265	Identifier	i		1079	0					
ANR	1266	Identifier	rec_count		1079	1					
ANR	1267	PostIncDecOperationExpression	i ++	228:38:7673:7675	1079	2	True				
ANR	1268	Identifier	i		1079	0					
ANR	1269	IncDec	++		1079	1					
ANR	1270	CompoundStatement		25:43:978:978	1079	3					
ANR	1271	IfStatement	if ( curr -> data )		1079	0					
ANR	1272	Condition	curr -> data	229:12:7692:7701	1079	0	True				
ANR	1273	PtrMemberAccess	curr -> data		1079	0					
ANR	1274	Identifier	curr		1079	0					
ANR	1275	Identifier	data		1079	1					
ANR	1276	CompoundStatement		26:24:1004:1004	1079	1					
ANR	1277	ExpressionStatement	"curr -> next = calloc ( 1 , sizeof ( MOBIExthHeader ) )"	230:12:7718:7764	1079	0	True				
ANR	1278	AssignmentExpression	"curr -> next = calloc ( 1 , sizeof ( MOBIExthHeader ) )"		1079	0		=			
ANR	1279	PtrMemberAccess	curr -> next		1079	0					
ANR	1280	Identifier	curr		1079	0					
ANR	1281	Identifier	next		1079	1					
ANR	1282	CallExpression	"calloc ( 1 , sizeof ( MOBIExthHeader ) )"		1079	1					
ANR	1283	Callee	calloc		1079	0					
ANR	1284	Identifier	calloc		1079	0					
ANR	1285	ArgumentList	1		1079	1					
ANR	1286	Argument	1		1079	0					
ANR	1287	PrimaryExpression	1		1079	0					
ANR	1288	Argument	sizeof ( MOBIExthHeader )		1079	1					
ANR	1289	SizeofExpression	sizeof ( MOBIExthHeader )		1079	0					
ANR	1290	Sizeof	sizeof		1079	0					
ANR	1291	SizeofOperand	MOBIExthHeader		1079	1					
ANR	1292	IfStatement	if ( curr -> next == NULL )		1079	1					
ANR	1293	Condition	curr -> next == NULL	231:16:7782:7799	1079	0	True				
ANR	1294	EqualityExpression	curr -> next == NULL		1079	0		==			
ANR	1295	PtrMemberAccess	curr -> next		1079	0					
ANR	1296	Identifier	curr		1079	0					
ANR	1297	Identifier	next		1079	1					
ANR	1298	Identifier	NULL		1079	1					
ANR	1299	CompoundStatement		28:36:1102:1102	1079	1					
ANR	1300	ExpressionStatement	"debug_print ( ""%s"" , ""Memory allocation for EXTH header failed\\n"" )"	232:16:7820:7883	1079	0	True				
ANR	1301	CallExpression	"debug_print ( ""%s"" , ""Memory allocation for EXTH header failed\\n"" )"		1079	0					
ANR	1302	Callee	debug_print		1079	0					
ANR	1303	Identifier	debug_print		1079	0					
ANR	1304	ArgumentList	"""%s"""		1079	1					
ANR	1305	Argument	"""%s"""		1079	0					
ANR	1306	PrimaryExpression	"""%s"""		1079	0					
ANR	1307	Argument	"""Memory allocation for EXTH header failed\\n"""		1079	1					
ANR	1308	PrimaryExpression	"""Memory allocation for EXTH header failed\\n"""		1079	0					
ANR	1309	ExpressionStatement	mobi_free_eh ( m )	233:16:7901:7916	1079	1	True				
ANR	1310	CallExpression	mobi_free_eh ( m )		1079	0					
ANR	1311	Callee	mobi_free_eh		1079	0					
ANR	1312	Identifier	mobi_free_eh		1079	0					
ANR	1313	ArgumentList	m		1079	1					
ANR	1314	Argument	m		1079	0					
ANR	1315	Identifier	m		1079	0					
ANR	1316	ReturnStatement	return MOBI_MALLOC_FAILED ;	234:16:7934:7959	1079	2	True				
ANR	1317	Identifier	MOBI_MALLOC_FAILED		1079	0					
ANR	1318	ExpressionStatement	curr = curr -> next	236:12:7987:8004	1079	2	True				
ANR	1319	AssignmentExpression	curr = curr -> next		1079	0		=			
ANR	1320	Identifier	curr		1079	0					
ANR	1321	PtrMemberAccess	curr -> next		1079	1					
ANR	1322	Identifier	curr		1079	0					
ANR	1323	Identifier	next		1079	1					
ANR	1324	ExpressionStatement	curr -> tag = mobi_buffer_get32 ( buf )	238:8:8024:8058	1079	1	True				
ANR	1325	AssignmentExpression	curr -> tag = mobi_buffer_get32 ( buf )		1079	0		=			
ANR	1326	PtrMemberAccess	curr -> tag		1079	0					
ANR	1327	Identifier	curr		1079	0					
ANR	1328	Identifier	tag		1079	1					
ANR	1329	CallExpression	mobi_buffer_get32 ( buf )		1079	1					
ANR	1330	Callee	mobi_buffer_get32		1079	0					
ANR	1331	Identifier	mobi_buffer_get32		1079	0					
ANR	1332	ArgumentList	buf		1079	1					
ANR	1333	Argument	buf		1079	0					
ANR	1334	Identifier	buf		1079	0					
ANR	1335	ExpressionStatement	curr -> size = mobi_buffer_get32 ( buf ) - 8	240:8:8137:8176	1079	2	True				
ANR	1336	AssignmentExpression	curr -> size = mobi_buffer_get32 ( buf ) - 8		1079	0		=			
ANR	1337	PtrMemberAccess	curr -> size		1079	0					
ANR	1338	Identifier	curr		1079	0					
ANR	1339	Identifier	size		1079	1					
ANR	1340	AdditiveExpression	mobi_buffer_get32 ( buf ) - 8		1079	1		-			
ANR	1341	CallExpression	mobi_buffer_get32 ( buf )		1079	0					
ANR	1342	Callee	mobi_buffer_get32		1079	0					
ANR	1343	Identifier	mobi_buffer_get32		1079	0					
ANR	1344	ArgumentList	buf		1079	1					
ANR	1345	Argument	buf		1079	0					
ANR	1346	Identifier	buf		1079	0					
ANR	1347	PrimaryExpression	8		1079	1					
ANR	1348	IfStatement	if ( curr -> size == 0 )		1079	3					
ANR	1349	Condition	curr -> size == 0	241:12:8190:8204	1079	0	True				
ANR	1350	EqualityExpression	curr -> size == 0		1079	0		==			
ANR	1351	PtrMemberAccess	curr -> size		1079	0					
ANR	1352	Identifier	curr		1079	0					
ANR	1353	Identifier	size		1079	1					
ANR	1354	PrimaryExpression	0		1079	1					
ANR	1355	CompoundStatement		38:29:1507:1507	1079	1					
ANR	1356	ExpressionStatement	"debug_print ( ""Skip record %i, data too short\\n"" , curr -> tag )"	242:12:8221:8279	1079	0	True				
ANR	1357	CallExpression	"debug_print ( ""Skip record %i, data too short\\n"" , curr -> tag )"		1079	0					
ANR	1358	Callee	debug_print		1079	0					
ANR	1359	Identifier	debug_print		1079	0					
ANR	1360	ArgumentList	"""Skip record %i, data too short\\n"""		1079	1					
ANR	1361	Argument	"""Skip record %i, data too short\\n"""		1079	0					
ANR	1362	PrimaryExpression	"""Skip record %i, data too short\\n"""		1079	0					
ANR	1363	Argument	curr -> tag		1079	1					
ANR	1364	PtrMemberAccess	curr -> tag		1079	0					
ANR	1365	Identifier	curr		1079	0					
ANR	1366	Identifier	tag		1079	1					
ANR	1367	ContinueStatement	continue ;	243:12:8293:8301	1079	1	True				
ANR	1368	IfStatement	if ( buf -> offset + curr -> size > buf -> maxlen )		1079	4					
ANR	1369	Condition	buf -> offset + curr -> size > buf -> maxlen	245:12:8325:8362	1079	0	True				
ANR	1370	RelationalExpression	buf -> offset + curr -> size > buf -> maxlen		1079	0		>			
ANR	1371	AdditiveExpression	buf -> offset + curr -> size		1079	0		+			
ANR	1372	PtrMemberAccess	buf -> offset		1079	0					
ANR	1373	Identifier	buf		1079	0					
ANR	1374	Identifier	offset		1079	1					
ANR	1375	PtrMemberAccess	curr -> size		1079	1					
ANR	1376	Identifier	curr		1079	0					
ANR	1377	Identifier	size		1079	1					
ANR	1378	PtrMemberAccess	buf -> maxlen		1079	1					
ANR	1379	Identifier	buf		1079	0					
ANR	1380	Identifier	maxlen		1079	1					
ANR	1381	CompoundStatement		42:52:1665:1665	1079	1					
ANR	1382	ExpressionStatement	"debug_print ( ""Record %i too long\\n"" , curr -> tag )"	246:12:8379:8425	1079	0	True				
ANR	1383	CallExpression	"debug_print ( ""Record %i too long\\n"" , curr -> tag )"		1079	0					
ANR	1384	Callee	debug_print		1079	0					
ANR	1385	Identifier	debug_print		1079	0					
ANR	1386	ArgumentList	"""Record %i too long\\n"""		1079	1					
ANR	1387	Argument	"""Record %i too long\\n"""		1079	0					
ANR	1388	PrimaryExpression	"""Record %i too long\\n"""		1079	0					
ANR	1389	Argument	curr -> tag		1079	1					
ANR	1390	PtrMemberAccess	curr -> tag		1079	0					
ANR	1391	Identifier	curr		1079	0					
ANR	1392	Identifier	tag		1079	1					
ANR	1393	ExpressionStatement	mobi_free_eh ( m )	247:12:8439:8454	1079	1	True				
ANR	1394	CallExpression	mobi_free_eh ( m )		1079	0					
ANR	1395	Callee	mobi_free_eh		1079	0					
ANR	1396	Identifier	mobi_free_eh		1079	0					
ANR	1397	ArgumentList	m		1079	1					
ANR	1398	Argument	m		1079	0					
ANR	1399	Identifier	m		1079	0					
ANR	1400	ReturnStatement	return MOBI_DATA_CORRUPT ;	248:12:8468:8492	1079	2	True				
ANR	1401	Identifier	MOBI_DATA_CORRUPT		1079	0					
ANR	1402	ExpressionStatement	curr -> data = malloc ( curr -> size )	250:8:8512:8543	1079	5	True				
ANR	1403	AssignmentExpression	curr -> data = malloc ( curr -> size )		1079	0		=			
ANR	1404	PtrMemberAccess	curr -> data		1079	0					
ANR	1405	Identifier	curr		1079	0					
ANR	1406	Identifier	data		1079	1					
ANR	1407	CallExpression	malloc ( curr -> size )		1079	1					
ANR	1408	Callee	malloc		1079	0					
ANR	1409	Identifier	malloc		1079	0					
ANR	1410	ArgumentList	curr -> size		1079	1					
ANR	1411	Argument	curr -> size		1079	0					
ANR	1412	PtrMemberAccess	curr -> size		1079	0					
ANR	1413	Identifier	curr		1079	0					
ANR	1414	Identifier	size		1079	1					
ANR	1415	IfStatement	if ( curr -> data == NULL )		1079	6					
ANR	1416	Condition	curr -> data == NULL	251:12:8557:8574	1079	0	True				
ANR	1417	EqualityExpression	curr -> data == NULL		1079	0		==			
ANR	1418	PtrMemberAccess	curr -> data		1079	0					
ANR	1419	Identifier	curr		1079	0					
ANR	1420	Identifier	data		1079	1					
ANR	1421	Identifier	NULL		1079	1					
ANR	1422	CompoundStatement		48:32:1877:1877	1079	1					
ANR	1423	ExpressionStatement	"debug_print ( ""Memory allocation for EXTH record %i failed\\n"" , curr -> tag )"	252:12:8591:8662	1079	0	True				
ANR	1424	CallExpression	"debug_print ( ""Memory allocation for EXTH record %i failed\\n"" , curr -> tag )"		1079	0					
ANR	1425	Callee	debug_print		1079	0					
ANR	1426	Identifier	debug_print		1079	0					
ANR	1427	ArgumentList	"""Memory allocation for EXTH record %i failed\\n"""		1079	1					
ANR	1428	Argument	"""Memory allocation for EXTH record %i failed\\n"""		1079	0					
ANR	1429	PrimaryExpression	"""Memory allocation for EXTH record %i failed\\n"""		1079	0					
ANR	1430	Argument	curr -> tag		1079	1					
ANR	1431	PtrMemberAccess	curr -> tag		1079	0					
ANR	1432	Identifier	curr		1079	0					
ANR	1433	Identifier	tag		1079	1					
ANR	1434	ExpressionStatement	mobi_free_eh ( m )	253:12:8676:8691	1079	1	True				
ANR	1435	CallExpression	mobi_free_eh ( m )		1079	0					
ANR	1436	Callee	mobi_free_eh		1079	0					
ANR	1437	Identifier	mobi_free_eh		1079	0					
ANR	1438	ArgumentList	m		1079	1					
ANR	1439	Argument	m		1079	0					
ANR	1440	Identifier	m		1079	0					
ANR	1441	ReturnStatement	return MOBI_MALLOC_FAILED ;	254:12:8705:8730	1079	2	True				
ANR	1442	Identifier	MOBI_MALLOC_FAILED		1079	0					
ANR	1443	ExpressionStatement	"mobi_buffer_getraw ( curr -> data , buf , curr -> size )"	256:8:8750:8797	1079	7	True				
ANR	1444	CallExpression	"mobi_buffer_getraw ( curr -> data , buf , curr -> size )"		1079	0					
ANR	1445	Callee	mobi_buffer_getraw		1079	0					
ANR	1446	Identifier	mobi_buffer_getraw		1079	0					
ANR	1447	ArgumentList	curr -> data		1079	1					
ANR	1448	Argument	curr -> data		1079	0					
ANR	1449	PtrMemberAccess	curr -> data		1079	0					
ANR	1450	Identifier	curr		1079	0					
ANR	1451	Identifier	data		1079	1					
ANR	1452	Argument	buf		1079	1					
ANR	1453	Identifier	buf		1079	0					
ANR	1454	Argument	curr -> size		1079	2					
ANR	1455	PtrMemberAccess	curr -> size		1079	0					
ANR	1456	Identifier	curr		1079	0					
ANR	1457	Identifier	size		1079	1					
ANR	1458	ExpressionStatement	curr -> next = NULL	257:8:8807:8824	1079	8	True				
ANR	1459	AssignmentExpression	curr -> next = NULL		1079	0		=			
ANR	1460	PtrMemberAccess	curr -> next		1079	0					
ANR	1461	Identifier	curr		1079	0					
ANR	1462	Identifier	next		1079	1					
ANR	1463	Identifier	NULL		1079	1					
ANR	1464	ExpressionStatement	buf -> maxlen = saved_maxlen	259:4:8840:8866	1079	13	True				
ANR	1465	AssignmentExpression	buf -> maxlen = saved_maxlen		1079	0		=			
ANR	1466	PtrMemberAccess	buf -> maxlen		1079	0					
ANR	1467	Identifier	buf		1079	0					
ANR	1468	Identifier	maxlen		1079	1					
ANR	1469	Identifier	saved_maxlen		1079	1					
ANR	1470	ReturnStatement	return MOBI_SUCCESS ;	260:4:8872:8891	1079	14	True				
ANR	1471	Identifier	MOBI_SUCCESS		1079	0					
ANR	1472	ReturnType	MOBI_RET		1079	1					
ANR	1473	Identifier	mobi_parse_extheader		1079	2					
ANR	1474	ParameterList	"MOBIData * m , MOBIBuffer * buf"		1079	3					
ANR	1475	Parameter	MOBIData * m	204:30:6669:6679	1079	0	True				
ANR	1476	ParameterType	MOBIData *		1079	0					
ANR	1477	Identifier	m		1079	1					
ANR	1478	Parameter	MOBIBuffer * buf	204:43:6682:6696	1079	1	True				
ANR	1479	ParameterType	MOBIBuffer *		1079	0					
ANR	1480	Identifier	buf		1079	1					
ANR	1481	CFGEntryNode	ENTRY		1079		True				
ANR	1482	CFGExitNode	EXIT		1079		True				
ANR	1483	Symbol	buf -> offset		1079						
ANR	1484	Symbol	m -> eh		1079						
ANR	1485	Symbol	mobi_buffer_get32		1079						
ANR	1486	Symbol	MOBI_SUCCESS		1079						
ANR	1487	Symbol	curr -> data		1079						
ANR	1488	Symbol	calloc		1079						
ANR	1489	Symbol	MOBI_EXTH_MAXCNT		1079						
ANR	1490	Symbol	strncmp		1079						
ANR	1491	Symbol	MOBI_INIT_FAILED		1079						
ANR	1492	Symbol	curr -> next		1079						
ANR	1493	Symbol	curr -> tag		1079						
ANR	1494	Symbol	EXTH_MAGIC		1079						
ANR	1495	Symbol	exth_length		1079						
ANR	1496	Symbol	curr		1079						
ANR	1497	Symbol	buf -> maxlen		1079						
ANR	1498	Symbol	MOBI_DATA_CORRUPT		1079						
ANR	1499	Symbol	malloc		1079						
ANR	1500	Symbol	* buf		1079						
ANR	1501	Symbol	NULL		1079						
ANR	1502	Symbol	i		1079						
ANR	1503	Symbol	saved_maxlen		1079						
ANR	1504	Symbol	curr -> size		1079						
ANR	1505	Symbol	m		1079						
ANR	1506	Symbol	buf		1079						
ANR	1507	Symbol	header_length		1079						
ANR	1508	Symbol	* curr		1079						
ANR	1509	Symbol	* m		1079						
ANR	1510	Symbol	rec_count		1079						
ANR	1511	Symbol	exth_magic		1079						
ANR	1512	Symbol	MOBI_MALLOC_FAILED		1079						
ANR	1513	Function	mobi_parse_mobiheader	270:0:9157:15365							
ANR	1514	FunctionDef	"mobi_parse_mobiheader (MOBIData * m , MOBIBuffer * buf)"		1513	0					
ANR	1515	CompoundStatement		270:61:9218:15365	1513	0					
ANR	1516	IdentifierDeclStatement	int isKF8 = 0 ;	271:4:9224:9237	1513	0	True				
ANR	1517	IdentifierDecl	isKF8 = 0		1513	0					
ANR	1518	IdentifierDeclType	int		1513	0					
ANR	1519	Identifier	isKF8		1513	1					
ANR	1520	AssignmentExpression	isKF8 = 0		1513	2		=			
ANR	1521	Identifier	isKF8		1513	0					
ANR	1522	PrimaryExpression	0		1513	1					
ANR	1523	IfStatement	if ( m == NULL )		1513	1					
ANR	1524	Condition	m == NULL	272:8:9247:9255	1513	0	True				
ANR	1525	EqualityExpression	m == NULL		1513	0		==			
ANR	1526	Identifier	m		1513	0					
ANR	1527	Identifier	NULL		1513	1					
ANR	1528	CompoundStatement		3:19:39:39	1513	1					
ANR	1529	ExpressionStatement	"debug_print ( ""%s"" , ""Mobi structure not initialized\\n"" )"	273:8:9268:9321	1513	0	True				
ANR	1530	CallExpression	"debug_print ( ""%s"" , ""Mobi structure not initialized\\n"" )"		1513	0					
ANR	1531	Callee	debug_print		1513	0					
ANR	1532	Identifier	debug_print		1513	0					
ANR	1533	ArgumentList	"""%s"""		1513	1					
ANR	1534	Argument	"""%s"""		1513	0					
ANR	1535	PrimaryExpression	"""%s"""		1513	0					
ANR	1536	Argument	"""Mobi structure not initialized\\n"""		1513	1					
ANR	1537	PrimaryExpression	"""Mobi structure not initialized\\n"""		1513	0					
ANR	1538	ReturnStatement	return MOBI_INIT_FAILED ;	274:8:9331:9354	1513	1	True				
ANR	1539	Identifier	MOBI_INIT_FAILED		1513	0					
ANR	1540	ExpressionStatement	"m -> mh = calloc ( 1 , sizeof ( MOBIMobiHeader ) )"	276:4:9366:9407	1513	2	True				
ANR	1541	AssignmentExpression	"m -> mh = calloc ( 1 , sizeof ( MOBIMobiHeader ) )"		1513	0		=			
ANR	1542	PtrMemberAccess	m -> mh		1513	0					
ANR	1543	Identifier	m		1513	0					
ANR	1544	Identifier	mh		1513	1					
ANR	1545	CallExpression	"calloc ( 1 , sizeof ( MOBIMobiHeader ) )"		1513	1					
ANR	1546	Callee	calloc		1513	0					
ANR	1547	Identifier	calloc		1513	0					
ANR	1548	ArgumentList	1		1513	1					
ANR	1549	Argument	1		1513	0					
ANR	1550	PrimaryExpression	1		1513	0					
ANR	1551	Argument	sizeof ( MOBIMobiHeader )		1513	1					
ANR	1552	SizeofExpression	sizeof ( MOBIMobiHeader )		1513	0					
ANR	1553	Sizeof	sizeof		1513	0					
ANR	1554	SizeofOperand	MOBIMobiHeader		1513	1					
ANR	1555	IfStatement	if ( m -> mh == NULL )		1513	3					
ANR	1556	Condition	m -> mh == NULL	277:8:9417:9429	1513	0	True				
ANR	1557	EqualityExpression	m -> mh == NULL		1513	0		==			
ANR	1558	PtrMemberAccess	m -> mh		1513	0					
ANR	1559	Identifier	m		1513	0					
ANR	1560	Identifier	mh		1513	1					
ANR	1561	Identifier	NULL		1513	1					
ANR	1562	CompoundStatement		8:23:213:213	1513	1					
ANR	1563	ExpressionStatement	"debug_print ( ""%s"" , ""Memory allocation for MOBI header failed\\n"" )"	278:8:9442:9505	1513	0	True				
ANR	1564	CallExpression	"debug_print ( ""%s"" , ""Memory allocation for MOBI header failed\\n"" )"		1513	0					
ANR	1565	Callee	debug_print		1513	0					
ANR	1566	Identifier	debug_print		1513	0					
ANR	1567	ArgumentList	"""%s"""		1513	1					
ANR	1568	Argument	"""%s"""		1513	0					
ANR	1569	PrimaryExpression	"""%s"""		1513	0					
ANR	1570	Argument	"""Memory allocation for MOBI header failed\\n"""		1513	1					
ANR	1571	PrimaryExpression	"""Memory allocation for MOBI header failed\\n"""		1513	0					
ANR	1572	ReturnStatement	return MOBI_MALLOC_FAILED ;	279:8:9515:9540	1513	1	True				
ANR	1573	Identifier	MOBI_MALLOC_FAILED		1513	0					
ANR	1574	ExpressionStatement	"mobi_buffer_getstring ( m -> mh -> mobi_magic , buf , 4 )"	281:4:9552:9600	1513	4	True				
ANR	1575	CallExpression	"mobi_buffer_getstring ( m -> mh -> mobi_magic , buf , 4 )"		1513	0					
ANR	1576	Callee	mobi_buffer_getstring		1513	0					
ANR	1577	Identifier	mobi_buffer_getstring		1513	0					
ANR	1578	ArgumentList	m -> mh -> mobi_magic		1513	1					
ANR	1579	Argument	m -> mh -> mobi_magic		1513	0					
ANR	1580	PtrMemberAccess	m -> mh -> mobi_magic		1513	0					
ANR	1581	PtrMemberAccess	m -> mh		1513	0					
ANR	1582	Identifier	m		1513	0					
ANR	1583	Identifier	mh		1513	1					
ANR	1584	Identifier	mobi_magic		1513	1					
ANR	1585	Argument	buf		1513	1					
ANR	1586	Identifier	buf		1513	0					
ANR	1587	Argument	4		1513	2					
ANR	1588	PrimaryExpression	4		1513	0					
ANR	1589	ExpressionStatement	"mobi_buffer_dup32 ( & m -> mh -> header_length , buf )"	282:4:9606:9651	1513	5	True				
ANR	1590	CallExpression	"mobi_buffer_dup32 ( & m -> mh -> header_length , buf )"		1513	0					
ANR	1591	Callee	mobi_buffer_dup32		1513	0					
ANR	1592	Identifier	mobi_buffer_dup32		1513	0					
ANR	1593	ArgumentList	& m -> mh -> header_length		1513	1					
ANR	1594	Argument	& m -> mh -> header_length		1513	0					
ANR	1595	UnaryOperationExpression	& m -> mh -> header_length		1513	0					
ANR	1596	UnaryOperator	&		1513	0					
ANR	1597	PtrMemberAccess	m -> mh -> header_length		1513	1					
ANR	1598	PtrMemberAccess	m -> mh		1513	0					
ANR	1599	Identifier	m		1513	0					
ANR	1600	Identifier	mh		1513	1					
ANR	1601	Identifier	header_length		1513	1					
ANR	1602	Argument	buf		1513	1					
ANR	1603	Identifier	buf		1513	0					
ANR	1604	IfStatement	"if ( strcmp ( m -> mh -> mobi_magic , MOBI_MAGIC ) != 0 || m -> mh -> header_length == NULL )"		1513	6					
ANR	1605	Condition	"strcmp ( m -> mh -> mobi_magic , MOBI_MAGIC ) != 0 || m -> mh -> header_length == NULL"	283:8:9661:9734	1513	0	True				
ANR	1606	OrExpression	"strcmp ( m -> mh -> mobi_magic , MOBI_MAGIC ) != 0 || m -> mh -> header_length == NULL"		1513	0		||			
ANR	1607	EqualityExpression	"strcmp ( m -> mh -> mobi_magic , MOBI_MAGIC ) != 0"		1513	0		!=			
ANR	1608	CallExpression	"strcmp ( m -> mh -> mobi_magic , MOBI_MAGIC )"		1513	0					
ANR	1609	Callee	strcmp		1513	0					
ANR	1610	Identifier	strcmp		1513	0					
ANR	1611	ArgumentList	m -> mh -> mobi_magic		1513	1					
ANR	1612	Argument	m -> mh -> mobi_magic		1513	0					
ANR	1613	PtrMemberAccess	m -> mh -> mobi_magic		1513	0					
ANR	1614	PtrMemberAccess	m -> mh		1513	0					
ANR	1615	Identifier	m		1513	0					
ANR	1616	Identifier	mh		1513	1					
ANR	1617	Identifier	mobi_magic		1513	1					
ANR	1618	Argument	MOBI_MAGIC		1513	1					
ANR	1619	Identifier	MOBI_MAGIC		1513	0					
ANR	1620	PrimaryExpression	0		1513	1					
ANR	1621	EqualityExpression	m -> mh -> header_length == NULL		1513	1		==			
ANR	1622	PtrMemberAccess	m -> mh -> header_length		1513	0					
ANR	1623	PtrMemberAccess	m -> mh		1513	0					
ANR	1624	Identifier	m		1513	0					
ANR	1625	Identifier	mh		1513	1					
ANR	1626	Identifier	header_length		1513	1					
ANR	1627	Identifier	NULL		1513	1					
ANR	1628	CompoundStatement		14:84:518:518	1513	1					
ANR	1629	ExpressionStatement	"debug_print ( ""%s"" , ""MOBI header not found\\n"" )"	284:8:9747:9791	1513	0	True				
ANR	1630	CallExpression	"debug_print ( ""%s"" , ""MOBI header not found\\n"" )"		1513	0					
ANR	1631	Callee	debug_print		1513	0					
ANR	1632	Identifier	debug_print		1513	0					
ANR	1633	ArgumentList	"""%s"""		1513	1					
ANR	1634	Argument	"""%s"""		1513	0					
ANR	1635	PrimaryExpression	"""%s"""		1513	0					
ANR	1636	Argument	"""MOBI header not found\\n"""		1513	1					
ANR	1637	PrimaryExpression	"""MOBI header not found\\n"""		1513	0					
ANR	1638	ExpressionStatement	mobi_free_mh ( m -> mh )	285:8:9801:9820	1513	1	True				
ANR	1639	CallExpression	mobi_free_mh ( m -> mh )		1513	0					
ANR	1640	Callee	mobi_free_mh		1513	0					
ANR	1641	Identifier	mobi_free_mh		1513	0					
ANR	1642	ArgumentList	m -> mh		1513	1					
ANR	1643	Argument	m -> mh		1513	0					
ANR	1644	PtrMemberAccess	m -> mh		1513	0					
ANR	1645	Identifier	m		1513	0					
ANR	1646	Identifier	mh		1513	1					
ANR	1647	ExpressionStatement	m -> mh = NULL	286:8:9830:9842	1513	2	True				
ANR	1648	AssignmentExpression	m -> mh = NULL		1513	0		=			
ANR	1649	PtrMemberAccess	m -> mh		1513	0					
ANR	1650	Identifier	m		1513	0					
ANR	1651	Identifier	mh		1513	1					
ANR	1652	Identifier	NULL		1513	1					
ANR	1653	ReturnStatement	return MOBI_DATA_CORRUPT ;	287:8:9852:9876	1513	3	True				
ANR	1654	Identifier	MOBI_DATA_CORRUPT		1513	0					
ANR	1655	IdentifierDeclStatement	const size_t saved_maxlen = buf -> maxlen ;	289:4:9888:9927	1513	7	True				
ANR	1656	IdentifierDecl	saved_maxlen = buf -> maxlen		1513	0					
ANR	1657	IdentifierDeclType	const size_t		1513	0					
ANR	1658	Identifier	saved_maxlen		1513	1					
ANR	1659	AssignmentExpression	saved_maxlen = buf -> maxlen		1513	2		=			
ANR	1660	Identifier	saved_maxlen		1513	0					
ANR	1661	PtrMemberAccess	buf -> maxlen		1513	1					
ANR	1662	Identifier	buf		1513	0					
ANR	1663	Identifier	maxlen		1513	1					
ANR	1664	IdentifierDeclStatement	uint32_t header_length = ( * m -> mh -> header_length > 0 ) ? * m -> mh -> header_length : 24 ;	291:4:10025:10106	1513	8	True				
ANR	1665	IdentifierDecl	header_length = ( * m -> mh -> header_length > 0 ) ? * m -> mh -> header_length : 24		1513	0					
ANR	1666	IdentifierDeclType	uint32_t		1513	0					
ANR	1667	Identifier	header_length		1513	1					
ANR	1668	AssignmentExpression	header_length = ( * m -> mh -> header_length > 0 ) ? * m -> mh -> header_length : 24		1513	2		=			
ANR	1669	Identifier	header_length		1513	0					
ANR	1670	ConditionalExpression	( * m -> mh -> header_length > 0 ) ? * m -> mh -> header_length : 24		1513	1					
ANR	1671	Condition	* m -> mh -> header_length > 0		1513	0					
ANR	1672	RelationalExpression	* m -> mh -> header_length > 0		1513	0		>			
ANR	1673	UnaryOperationExpression	* m -> mh -> header_length		1513	0					
ANR	1674	UnaryOperator	*		1513	0					
ANR	1675	PtrMemberAccess	m -> mh -> header_length		1513	1					
ANR	1676	PtrMemberAccess	m -> mh		1513	0					
ANR	1677	Identifier	m		1513	0					
ANR	1678	Identifier	mh		1513	1					
ANR	1679	Identifier	header_length		1513	1					
ANR	1680	PrimaryExpression	0		1513	1					
ANR	1681	UnaryOperationExpression	* m -> mh -> header_length		1513	1					
ANR	1682	UnaryOperator	*		1513	0					
ANR	1683	PtrMemberAccess	m -> mh -> header_length		1513	1					
ANR	1684	PtrMemberAccess	m -> mh		1513	0					
ANR	1685	Identifier	m		1513	0					
ANR	1686	Identifier	mh		1513	1					
ANR	1687	Identifier	header_length		1513	1					
ANR	1688	PrimaryExpression	24		1513	2					
ANR	1689	IdentifierDeclStatement	const size_t left_length = header_length + buf -> offset - 8 ;	293:4:10201:10259	1513	9	True				
ANR	1690	IdentifierDecl	left_length = header_length + buf -> offset - 8		1513	0					
ANR	1691	IdentifierDeclType	const size_t		1513	0					
ANR	1692	Identifier	left_length		1513	1					
ANR	1693	AssignmentExpression	left_length = header_length + buf -> offset - 8		1513	2		=			
ANR	1694	Identifier	left_length		1513	0					
ANR	1695	AdditiveExpression	header_length + buf -> offset - 8		1513	1		+			
ANR	1696	Identifier	header_length		1513	0					
ANR	1697	AdditiveExpression	buf -> offset - 8		1513	1		-			
ANR	1698	PtrMemberAccess	buf -> offset		1513	0					
ANR	1699	Identifier	buf		1513	0					
ANR	1700	Identifier	offset		1513	1					
ANR	1701	PrimaryExpression	8		1513	1					
ANR	1702	ExpressionStatement	buf -> maxlen = saved_maxlen < left_length ? saved_maxlen : left_length	294:4:10265:10334	1513	10	True				
ANR	1703	AssignmentExpression	buf -> maxlen = saved_maxlen < left_length ? saved_maxlen : left_length		1513	0		=			
ANR	1704	PtrMemberAccess	buf -> maxlen		1513	0					
ANR	1705	Identifier	buf		1513	0					
ANR	1706	Identifier	maxlen		1513	1					
ANR	1707	ConditionalExpression	saved_maxlen < left_length ? saved_maxlen : left_length		1513	1					
ANR	1708	Condition	saved_maxlen < left_length		1513	0					
ANR	1709	RelationalExpression	saved_maxlen < left_length		1513	0		<			
ANR	1710	Identifier	saved_maxlen		1513	0					
ANR	1711	Identifier	left_length		1513	1					
ANR	1712	Identifier	saved_maxlen		1513	1					
ANR	1713	Identifier	left_length		1513	2					
ANR	1714	ExpressionStatement	"mobi_buffer_dup32 ( & m -> mh -> mobi_type , buf )"	295:4:10340:10381	1513	11	True				
ANR	1715	CallExpression	"mobi_buffer_dup32 ( & m -> mh -> mobi_type , buf )"		1513	0					
ANR	1716	Callee	mobi_buffer_dup32		1513	0					
ANR	1717	Identifier	mobi_buffer_dup32		1513	0					
ANR	1718	ArgumentList	& m -> mh -> mobi_type		1513	1					
ANR	1719	Argument	& m -> mh -> mobi_type		1513	0					
ANR	1720	UnaryOperationExpression	& m -> mh -> mobi_type		1513	0					
ANR	1721	UnaryOperator	&		1513	0					
ANR	1722	PtrMemberAccess	m -> mh -> mobi_type		1513	1					
ANR	1723	PtrMemberAccess	m -> mh		1513	0					
ANR	1724	Identifier	m		1513	0					
ANR	1725	Identifier	mh		1513	1					
ANR	1726	Identifier	mobi_type		1513	1					
ANR	1727	Argument	buf		1513	1					
ANR	1728	Identifier	buf		1513	0					
ANR	1729	IdentifierDeclStatement	uint32_t encoding = mobi_buffer_get32 ( buf ) ;	296:4:10387:10429	1513	12	True				
ANR	1730	IdentifierDecl	encoding = mobi_buffer_get32 ( buf )		1513	0					
ANR	1731	IdentifierDeclType	uint32_t		1513	0					
ANR	1732	Identifier	encoding		1513	1					
ANR	1733	AssignmentExpression	encoding = mobi_buffer_get32 ( buf )		1513	2		=			
ANR	1734	Identifier	encoding		1513	0					
ANR	1735	CallExpression	mobi_buffer_get32 ( buf )		1513	1					
ANR	1736	Callee	mobi_buffer_get32		1513	0					
ANR	1737	Identifier	mobi_buffer_get32		1513	0					
ANR	1738	ArgumentList	buf		1513	1					
ANR	1739	Argument	buf		1513	0					
ANR	1740	Identifier	buf		1513	0					
ANR	1741	IfStatement	if ( encoding == 1252 )		1513	13					
ANR	1742	Condition	encoding == 1252	297:8:10439:10454	1513	0	True				
ANR	1743	EqualityExpression	encoding == 1252		1513	0		==			
ANR	1744	Identifier	encoding		1513	0					
ANR	1745	PrimaryExpression	1252		1513	1					
ANR	1746	CompoundStatement		28:26:1238:1238	1513	1					
ANR	1747	ExpressionStatement	m -> mh -> text_encoding = malloc ( sizeof ( MOBIEncoding ) )	298:8:10467:10518	1513	0	True				
ANR	1748	AssignmentExpression	m -> mh -> text_encoding = malloc ( sizeof ( MOBIEncoding ) )		1513	0		=			
ANR	1749	PtrMemberAccess	m -> mh -> text_encoding		1513	0					
ANR	1750	PtrMemberAccess	m -> mh		1513	0					
ANR	1751	Identifier	m		1513	0					
ANR	1752	Identifier	mh		1513	1					
ANR	1753	Identifier	text_encoding		1513	1					
ANR	1754	CallExpression	malloc ( sizeof ( MOBIEncoding ) )		1513	1					
ANR	1755	Callee	malloc		1513	0					
ANR	1756	Identifier	malloc		1513	0					
ANR	1757	ArgumentList	sizeof ( MOBIEncoding )		1513	1					
ANR	1758	Argument	sizeof ( MOBIEncoding )		1513	0					
ANR	1759	SizeofExpression	sizeof ( MOBIEncoding )		1513	0					
ANR	1760	Sizeof	sizeof		1513	0					
ANR	1761	SizeofOperand	MOBIEncoding		1513	1					
ANR	1762	IfStatement	if ( m -> mh -> text_encoding == NULL )		1513	1					
ANR	1763	Condition	m -> mh -> text_encoding == NULL	299:12:10532:10559	1513	0	True				
ANR	1764	EqualityExpression	m -> mh -> text_encoding == NULL		1513	0		==			
ANR	1765	PtrMemberAccess	m -> mh -> text_encoding		1513	0					
ANR	1766	PtrMemberAccess	m -> mh		1513	0					
ANR	1767	Identifier	m		1513	0					
ANR	1768	Identifier	mh		1513	1					
ANR	1769	Identifier	text_encoding		1513	1					
ANR	1770	Identifier	NULL		1513	1					
ANR	1771	CompoundStatement		30:42:1343:1343	1513	1					
ANR	1772	ExpressionStatement	"debug_print ( ""%s"" , ""Memory allocation for MOBI header failed\\n"" )"	300:12:10576:10639	1513	0	True				
ANR	1773	CallExpression	"debug_print ( ""%s"" , ""Memory allocation for MOBI header failed\\n"" )"		1513	0					
ANR	1774	Callee	debug_print		1513	0					
ANR	1775	Identifier	debug_print		1513	0					
ANR	1776	ArgumentList	"""%s"""		1513	1					
ANR	1777	Argument	"""%s"""		1513	0					
ANR	1778	PrimaryExpression	"""%s"""		1513	0					
ANR	1779	Argument	"""Memory allocation for MOBI header failed\\n"""		1513	1					
ANR	1780	PrimaryExpression	"""Memory allocation for MOBI header failed\\n"""		1513	0					
ANR	1781	ReturnStatement	return MOBI_MALLOC_FAILED ;	301:12:10653:10678	1513	1	True				
ANR	1782	Identifier	MOBI_MALLOC_FAILED		1513	0					
ANR	1783	ExpressionStatement	* m -> mh -> text_encoding = MOBI_CP1252	303:8:10698:10733	1513	2	True				
ANR	1784	AssignmentExpression	* m -> mh -> text_encoding = MOBI_CP1252		1513	0		=			
ANR	1785	UnaryOperationExpression	* m -> mh -> text_encoding		1513	0					
ANR	1786	UnaryOperator	*		1513	0					
ANR	1787	PtrMemberAccess	m -> mh -> text_encoding		1513	1					
ANR	1788	PtrMemberAccess	m -> mh		1513	0					
ANR	1789	Identifier	m		1513	0					
ANR	1790	Identifier	mh		1513	1					
ANR	1791	Identifier	text_encoding		1513	1					
ANR	1792	Identifier	MOBI_CP1252		1513	1					
ANR	1793	ElseStatement	else		1513	0					
ANR	1794	IfStatement	if ( encoding == 65001 )		1513	0					
ANR	1795	Condition	encoding == 65001	305:13:10754:10770	1513	0	True				
ANR	1796	EqualityExpression	encoding == 65001		1513	0		==			
ANR	1797	Identifier	encoding		1513	0					
ANR	1798	PrimaryExpression	65001		1513	1					
ANR	1799	CompoundStatement		36:32:1554:1554	1513	1					
ANR	1800	ExpressionStatement	m -> mh -> text_encoding = malloc ( sizeof ( MOBIEncoding ) )	306:8:10783:10834	1513	0	True				
ANR	1801	AssignmentExpression	m -> mh -> text_encoding = malloc ( sizeof ( MOBIEncoding ) )		1513	0		=			
ANR	1802	PtrMemberAccess	m -> mh -> text_encoding		1513	0					
ANR	1803	PtrMemberAccess	m -> mh		1513	0					
ANR	1804	Identifier	m		1513	0					
ANR	1805	Identifier	mh		1513	1					
ANR	1806	Identifier	text_encoding		1513	1					
ANR	1807	CallExpression	malloc ( sizeof ( MOBIEncoding ) )		1513	1					
ANR	1808	Callee	malloc		1513	0					
ANR	1809	Identifier	malloc		1513	0					
ANR	1810	ArgumentList	sizeof ( MOBIEncoding )		1513	1					
ANR	1811	Argument	sizeof ( MOBIEncoding )		1513	0					
ANR	1812	SizeofExpression	sizeof ( MOBIEncoding )		1513	0					
ANR	1813	Sizeof	sizeof		1513	0					
ANR	1814	SizeofOperand	MOBIEncoding		1513	1					
ANR	1815	IfStatement	if ( m -> mh -> text_encoding == NULL )		1513	1					
ANR	1816	Condition	m -> mh -> text_encoding == NULL	307:12:10848:10875	1513	0	True				
ANR	1817	EqualityExpression	m -> mh -> text_encoding == NULL		1513	0		==			
ANR	1818	PtrMemberAccess	m -> mh -> text_encoding		1513	0					
ANR	1819	PtrMemberAccess	m -> mh		1513	0					
ANR	1820	Identifier	m		1513	0					
ANR	1821	Identifier	mh		1513	1					
ANR	1822	Identifier	text_encoding		1513	1					
ANR	1823	Identifier	NULL		1513	1					
ANR	1824	CompoundStatement		38:42:1659:1659	1513	1					
ANR	1825	ExpressionStatement	"debug_print ( ""%s"" , ""Memory allocation for MOBI header failed\\n"" )"	308:12:10892:10955	1513	0	True				
ANR	1826	CallExpression	"debug_print ( ""%s"" , ""Memory allocation for MOBI header failed\\n"" )"		1513	0					
ANR	1827	Callee	debug_print		1513	0					
ANR	1828	Identifier	debug_print		1513	0					
ANR	1829	ArgumentList	"""%s"""		1513	1					
ANR	1830	Argument	"""%s"""		1513	0					
ANR	1831	PrimaryExpression	"""%s"""		1513	0					
ANR	1832	Argument	"""Memory allocation for MOBI header failed\\n"""		1513	1					
ANR	1833	PrimaryExpression	"""Memory allocation for MOBI header failed\\n"""		1513	0					
ANR	1834	ReturnStatement	return MOBI_MALLOC_FAILED ;	309:12:10969:10994	1513	1	True				
ANR	1835	Identifier	MOBI_MALLOC_FAILED		1513	0					
ANR	1836	ExpressionStatement	* m -> mh -> text_encoding = MOBI_UTF8	311:8:11014:11047	1513	2	True				
ANR	1837	AssignmentExpression	* m -> mh -> text_encoding = MOBI_UTF8		1513	0		=			
ANR	1838	UnaryOperationExpression	* m -> mh -> text_encoding		1513	0					
ANR	1839	UnaryOperator	*		1513	0					
ANR	1840	PtrMemberAccess	m -> mh -> text_encoding		1513	1					
ANR	1841	PtrMemberAccess	m -> mh		1513	0					
ANR	1842	Identifier	m		1513	0					
ANR	1843	Identifier	mh		1513	1					
ANR	1844	Identifier	text_encoding		1513	1					
ANR	1845	Identifier	MOBI_UTF8		1513	1					
ANR	1846	ElseStatement	else		1513	0					
ANR	1847	CompoundStatement		43:11:1841:1841	1513	0					
ANR	1848	ExpressionStatement	"debug_print ( ""Unknown encoding in mobi header: %i\\n"" , encoding )"	313:8:11070:11132	1513	0	True				
ANR	1849	CallExpression	"debug_print ( ""Unknown encoding in mobi header: %i\\n"" , encoding )"		1513	0					
ANR	1850	Callee	debug_print		1513	0					
ANR	1851	Identifier	debug_print		1513	0					
ANR	1852	ArgumentList	"""Unknown encoding in mobi header: %i\\n"""		1513	1					
ANR	1853	Argument	"""Unknown encoding in mobi header: %i\\n"""		1513	0					
ANR	1854	PrimaryExpression	"""Unknown encoding in mobi header: %i\\n"""		1513	0					
ANR	1855	Argument	encoding		1513	1					
ANR	1856	Identifier	encoding		1513	0					
ANR	1857	ExpressionStatement	"mobi_buffer_dup32 ( & m -> mh -> uid , buf )"	315:4:11144:11179	1513	14	True				
ANR	1858	CallExpression	"mobi_buffer_dup32 ( & m -> mh -> uid , buf )"		1513	0					
ANR	1859	Callee	mobi_buffer_dup32		1513	0					
ANR	1860	Identifier	mobi_buffer_dup32		1513	0					
ANR	1861	ArgumentList	& m -> mh -> uid		1513	1					
ANR	1862	Argument	& m -> mh -> uid		1513	0					
ANR	1863	UnaryOperationExpression	& m -> mh -> uid		1513	0					
ANR	1864	UnaryOperator	&		1513	0					
ANR	1865	PtrMemberAccess	m -> mh -> uid		1513	1					
ANR	1866	PtrMemberAccess	m -> mh		1513	0					
ANR	1867	Identifier	m		1513	0					
ANR	1868	Identifier	mh		1513	1					
ANR	1869	Identifier	uid		1513	1					
ANR	1870	Argument	buf		1513	1					
ANR	1871	Identifier	buf		1513	0					
ANR	1872	ExpressionStatement	"mobi_buffer_dup32 ( & m -> mh -> version , buf )"	316:4:11185:11224	1513	15	True				
ANR	1873	CallExpression	"mobi_buffer_dup32 ( & m -> mh -> version , buf )"		1513	0					
ANR	1874	Callee	mobi_buffer_dup32		1513	0					
ANR	1875	Identifier	mobi_buffer_dup32		1513	0					
ANR	1876	ArgumentList	& m -> mh -> version		1513	1					
ANR	1877	Argument	& m -> mh -> version		1513	0					
ANR	1878	UnaryOperationExpression	& m -> mh -> version		1513	0					
ANR	1879	UnaryOperator	&		1513	0					
ANR	1880	PtrMemberAccess	m -> mh -> version		1513	1					
ANR	1881	PtrMemberAccess	m -> mh		1513	0					
ANR	1882	Identifier	m		1513	0					
ANR	1883	Identifier	mh		1513	1					
ANR	1884	Identifier	version		1513	1					
ANR	1885	Argument	buf		1513	1					
ANR	1886	Identifier	buf		1513	0					
ANR	1887	IfStatement	if ( header_length >= MOBI_HEADER_V7_SIZE && m -> mh -> version && * m -> mh -> version == 8 )		1513	16					
ANR	1888	Condition	header_length >= MOBI_HEADER_V7_SIZE && m -> mh -> version && * m -> mh -> version == 8	317:8:11234:11319	1513	0	True				
ANR	1889	AndExpression	header_length >= MOBI_HEADER_V7_SIZE && m -> mh -> version && * m -> mh -> version == 8		1513	0		&&			
ANR	1890	RelationalExpression	header_length >= MOBI_HEADER_V7_SIZE		1513	0		>=			
ANR	1891	Identifier	header_length		1513	0					
ANR	1892	Identifier	MOBI_HEADER_V7_SIZE		1513	1					
ANR	1893	AndExpression	m -> mh -> version && * m -> mh -> version == 8		1513	1		&&			
ANR	1894	PtrMemberAccess	m -> mh -> version		1513	0					
ANR	1895	PtrMemberAccess	m -> mh		1513	0					
ANR	1896	Identifier	m		1513	0					
ANR	1897	Identifier	mh		1513	1					
ANR	1898	Identifier	version		1513	1					
ANR	1899	EqualityExpression	* m -> mh -> version == 8		1513	1		==			
ANR	1900	UnaryOperationExpression	* m -> mh -> version		1513	0					
ANR	1901	UnaryOperator	*		1513	0					
ANR	1902	PtrMemberAccess	m -> mh -> version		1513	1					
ANR	1903	PtrMemberAccess	m -> mh		1513	0					
ANR	1904	Identifier	m		1513	0					
ANR	1905	Identifier	mh		1513	1					
ANR	1906	Identifier	version		1513	1					
ANR	1907	PrimaryExpression	8		1513	1					
ANR	1908	CompoundStatement		49:51:2103:2103	1513	1					
ANR	1909	ExpressionStatement	isKF8 = 1	319:8:11332:11341	1513	0	True				
ANR	1910	AssignmentExpression	isKF8 = 1		1513	0		=			
ANR	1911	Identifier	isKF8		1513	0					
ANR	1912	PrimaryExpression	1		1513	1					
ANR	1913	ExpressionStatement	"mobi_buffer_dup32 ( & m -> mh -> orth_index , buf )"	321:4:11353:11395	1513	17	True				
ANR	1914	CallExpression	"mobi_buffer_dup32 ( & m -> mh -> orth_index , buf )"		1513	0					
ANR	1915	Callee	mobi_buffer_dup32		1513	0					
ANR	1916	Identifier	mobi_buffer_dup32		1513	0					
ANR	1917	ArgumentList	& m -> mh -> orth_index		1513	1					
ANR	1918	Argument	& m -> mh -> orth_index		1513	0					
ANR	1919	UnaryOperationExpression	& m -> mh -> orth_index		1513	0					
ANR	1920	UnaryOperator	&		1513	0					
ANR	1921	PtrMemberAccess	m -> mh -> orth_index		1513	1					
ANR	1922	PtrMemberAccess	m -> mh		1513	0					
ANR	1923	Identifier	m		1513	0					
ANR	1924	Identifier	mh		1513	1					
ANR	1925	Identifier	orth_index		1513	1					
ANR	1926	Argument	buf		1513	1					
ANR	1927	Identifier	buf		1513	0					
ANR	1928	ExpressionStatement	"mobi_buffer_dup32 ( & m -> mh -> infl_index , buf )"	322:4:11401:11443	1513	18	True				
ANR	1929	CallExpression	"mobi_buffer_dup32 ( & m -> mh -> infl_index , buf )"		1513	0					
ANR	1930	Callee	mobi_buffer_dup32		1513	0					
ANR	1931	Identifier	mobi_buffer_dup32		1513	0					
ANR	1932	ArgumentList	& m -> mh -> infl_index		1513	1					
ANR	1933	Argument	& m -> mh -> infl_index		1513	0					
ANR	1934	UnaryOperationExpression	& m -> mh -> infl_index		1513	0					
ANR	1935	UnaryOperator	&		1513	0					
ANR	1936	PtrMemberAccess	m -> mh -> infl_index		1513	1					
ANR	1937	PtrMemberAccess	m -> mh		1513	0					
ANR	1938	Identifier	m		1513	0					
ANR	1939	Identifier	mh		1513	1					
ANR	1940	Identifier	infl_index		1513	1					
ANR	1941	Argument	buf		1513	1					
ANR	1942	Identifier	buf		1513	0					
ANR	1943	ExpressionStatement	"mobi_buffer_dup32 ( & m -> mh -> names_index , buf )"	323:4:11449:11492	1513	19	True				
ANR	1944	CallExpression	"mobi_buffer_dup32 ( & m -> mh -> names_index , buf )"		1513	0					
ANR	1945	Callee	mobi_buffer_dup32		1513	0					
ANR	1946	Identifier	mobi_buffer_dup32		1513	0					
ANR	1947	ArgumentList	& m -> mh -> names_index		1513	1					
ANR	1948	Argument	& m -> mh -> names_index		1513	0					
ANR	1949	UnaryOperationExpression	& m -> mh -> names_index		1513	0					
ANR	1950	UnaryOperator	&		1513	0					
ANR	1951	PtrMemberAccess	m -> mh -> names_index		1513	1					
ANR	1952	PtrMemberAccess	m -> mh		1513	0					
ANR	1953	Identifier	m		1513	0					
ANR	1954	Identifier	mh		1513	1					
ANR	1955	Identifier	names_index		1513	1					
ANR	1956	Argument	buf		1513	1					
ANR	1957	Identifier	buf		1513	0					
ANR	1958	ExpressionStatement	"mobi_buffer_dup32 ( & m -> mh -> keys_index , buf )"	324:4:11498:11540	1513	20	True				
ANR	1959	CallExpression	"mobi_buffer_dup32 ( & m -> mh -> keys_index , buf )"		1513	0					
ANR	1960	Callee	mobi_buffer_dup32		1513	0					
ANR	1961	Identifier	mobi_buffer_dup32		1513	0					
ANR	1962	ArgumentList	& m -> mh -> keys_index		1513	1					
ANR	1963	Argument	& m -> mh -> keys_index		1513	0					
ANR	1964	UnaryOperationExpression	& m -> mh -> keys_index		1513	0					
ANR	1965	UnaryOperator	&		1513	0					
ANR	1966	PtrMemberAccess	m -> mh -> keys_index		1513	1					
ANR	1967	PtrMemberAccess	m -> mh		1513	0					
ANR	1968	Identifier	m		1513	0					
ANR	1969	Identifier	mh		1513	1					
ANR	1970	Identifier	keys_index		1513	1					
ANR	1971	Argument	buf		1513	1					
ANR	1972	Identifier	buf		1513	0					
ANR	1973	ExpressionStatement	"mobi_buffer_dup32 ( & m -> mh -> extra0_index , buf )"	325:4:11546:11590	1513	21	True				
ANR	1974	CallExpression	"mobi_buffer_dup32 ( & m -> mh -> extra0_index , buf )"		1513	0					
ANR	1975	Callee	mobi_buffer_dup32		1513	0					
ANR	1976	Identifier	mobi_buffer_dup32		1513	0					
ANR	1977	ArgumentList	& m -> mh -> extra0_index		1513	1					
ANR	1978	Argument	& m -> mh -> extra0_index		1513	0					
ANR	1979	UnaryOperationExpression	& m -> mh -> extra0_index		1513	0					
ANR	1980	UnaryOperator	&		1513	0					
ANR	1981	PtrMemberAccess	m -> mh -> extra0_index		1513	1					
ANR	1982	PtrMemberAccess	m -> mh		1513	0					
ANR	1983	Identifier	m		1513	0					
ANR	1984	Identifier	mh		1513	1					
ANR	1985	Identifier	extra0_index		1513	1					
ANR	1986	Argument	buf		1513	1					
ANR	1987	Identifier	buf		1513	0					
ANR	1988	ExpressionStatement	"mobi_buffer_dup32 ( & m -> mh -> extra1_index , buf )"	326:4:11596:11640	1513	22	True				
ANR	1989	CallExpression	"mobi_buffer_dup32 ( & m -> mh -> extra1_index , buf )"		1513	0					
ANR	1990	Callee	mobi_buffer_dup32		1513	0					
ANR	1991	Identifier	mobi_buffer_dup32		1513	0					
ANR	1992	ArgumentList	& m -> mh -> extra1_index		1513	1					
ANR	1993	Argument	& m -> mh -> extra1_index		1513	0					
ANR	1994	UnaryOperationExpression	& m -> mh -> extra1_index		1513	0					
ANR	1995	UnaryOperator	&		1513	0					
ANR	1996	PtrMemberAccess	m -> mh -> extra1_index		1513	1					
ANR	1997	PtrMemberAccess	m -> mh		1513	0					
ANR	1998	Identifier	m		1513	0					
ANR	1999	Identifier	mh		1513	1					
ANR	2000	Identifier	extra1_index		1513	1					
ANR	2001	Argument	buf		1513	1					
ANR	2002	Identifier	buf		1513	0					
ANR	2003	ExpressionStatement	"mobi_buffer_dup32 ( & m -> mh -> extra2_index , buf )"	327:4:11646:11690	1513	23	True				
ANR	2004	CallExpression	"mobi_buffer_dup32 ( & m -> mh -> extra2_index , buf )"		1513	0					
ANR	2005	Callee	mobi_buffer_dup32		1513	0					
ANR	2006	Identifier	mobi_buffer_dup32		1513	0					
ANR	2007	ArgumentList	& m -> mh -> extra2_index		1513	1					
ANR	2008	Argument	& m -> mh -> extra2_index		1513	0					
ANR	2009	UnaryOperationExpression	& m -> mh -> extra2_index		1513	0					
ANR	2010	UnaryOperator	&		1513	0					
ANR	2011	PtrMemberAccess	m -> mh -> extra2_index		1513	1					
ANR	2012	PtrMemberAccess	m -> mh		1513	0					
ANR	2013	Identifier	m		1513	0					
ANR	2014	Identifier	mh		1513	1					
ANR	2015	Identifier	extra2_index		1513	1					
ANR	2016	Argument	buf		1513	1					
ANR	2017	Identifier	buf		1513	0					
ANR	2018	ExpressionStatement	"mobi_buffer_dup32 ( & m -> mh -> extra3_index , buf )"	328:4:11696:11740	1513	24	True				
ANR	2019	CallExpression	"mobi_buffer_dup32 ( & m -> mh -> extra3_index , buf )"		1513	0					
ANR	2020	Callee	mobi_buffer_dup32		1513	0					
ANR	2021	Identifier	mobi_buffer_dup32		1513	0					
ANR	2022	ArgumentList	& m -> mh -> extra3_index		1513	1					
ANR	2023	Argument	& m -> mh -> extra3_index		1513	0					
ANR	2024	UnaryOperationExpression	& m -> mh -> extra3_index		1513	0					
ANR	2025	UnaryOperator	&		1513	0					
ANR	2026	PtrMemberAccess	m -> mh -> extra3_index		1513	1					
ANR	2027	PtrMemberAccess	m -> mh		1513	0					
ANR	2028	Identifier	m		1513	0					
ANR	2029	Identifier	mh		1513	1					
ANR	2030	Identifier	extra3_index		1513	1					
ANR	2031	Argument	buf		1513	1					
ANR	2032	Identifier	buf		1513	0					
ANR	2033	ExpressionStatement	"mobi_buffer_dup32 ( & m -> mh -> extra4_index , buf )"	329:4:11746:11790	1513	25	True				
ANR	2034	CallExpression	"mobi_buffer_dup32 ( & m -> mh -> extra4_index , buf )"		1513	0					
ANR	2035	Callee	mobi_buffer_dup32		1513	0					
ANR	2036	Identifier	mobi_buffer_dup32		1513	0					
ANR	2037	ArgumentList	& m -> mh -> extra4_index		1513	1					
ANR	2038	Argument	& m -> mh -> extra4_index		1513	0					
ANR	2039	UnaryOperationExpression	& m -> mh -> extra4_index		1513	0					
ANR	2040	UnaryOperator	&		1513	0					
ANR	2041	PtrMemberAccess	m -> mh -> extra4_index		1513	1					
ANR	2042	PtrMemberAccess	m -> mh		1513	0					
ANR	2043	Identifier	m		1513	0					
ANR	2044	Identifier	mh		1513	1					
ANR	2045	Identifier	extra4_index		1513	1					
ANR	2046	Argument	buf		1513	1					
ANR	2047	Identifier	buf		1513	0					
ANR	2048	ExpressionStatement	"mobi_buffer_dup32 ( & m -> mh -> extra5_index , buf )"	330:4:11796:11840	1513	26	True				
ANR	2049	CallExpression	"mobi_buffer_dup32 ( & m -> mh -> extra5_index , buf )"		1513	0					
ANR	2050	Callee	mobi_buffer_dup32		1513	0					
ANR	2051	Identifier	mobi_buffer_dup32		1513	0					
ANR	2052	ArgumentList	& m -> mh -> extra5_index		1513	1					
ANR	2053	Argument	& m -> mh -> extra5_index		1513	0					
ANR	2054	UnaryOperationExpression	& m -> mh -> extra5_index		1513	0					
ANR	2055	UnaryOperator	&		1513	0					
ANR	2056	PtrMemberAccess	m -> mh -> extra5_index		1513	1					
ANR	2057	PtrMemberAccess	m -> mh		1513	0					
ANR	2058	Identifier	m		1513	0					
ANR	2059	Identifier	mh		1513	1					
ANR	2060	Identifier	extra5_index		1513	1					
ANR	2061	Argument	buf		1513	1					
ANR	2062	Identifier	buf		1513	0					
ANR	2063	ExpressionStatement	"mobi_buffer_dup32 ( & m -> mh -> non_text_index , buf )"	331:4:11846:11892	1513	27	True				
ANR	2064	CallExpression	"mobi_buffer_dup32 ( & m -> mh -> non_text_index , buf )"		1513	0					
ANR	2065	Callee	mobi_buffer_dup32		1513	0					
ANR	2066	Identifier	mobi_buffer_dup32		1513	0					
ANR	2067	ArgumentList	& m -> mh -> non_text_index		1513	1					
ANR	2068	Argument	& m -> mh -> non_text_index		1513	0					
ANR	2069	UnaryOperationExpression	& m -> mh -> non_text_index		1513	0					
ANR	2070	UnaryOperator	&		1513	0					
ANR	2071	PtrMemberAccess	m -> mh -> non_text_index		1513	1					
ANR	2072	PtrMemberAccess	m -> mh		1513	0					
ANR	2073	Identifier	m		1513	0					
ANR	2074	Identifier	mh		1513	1					
ANR	2075	Identifier	non_text_index		1513	1					
ANR	2076	Argument	buf		1513	1					
ANR	2077	Identifier	buf		1513	0					
ANR	2078	ExpressionStatement	"mobi_buffer_dup32 ( & m -> mh -> full_name_offset , buf )"	332:4:11898:11946	1513	28	True				
ANR	2079	CallExpression	"mobi_buffer_dup32 ( & m -> mh -> full_name_offset , buf )"		1513	0					
ANR	2080	Callee	mobi_buffer_dup32		1513	0					
ANR	2081	Identifier	mobi_buffer_dup32		1513	0					
ANR	2082	ArgumentList	& m -> mh -> full_name_offset		1513	1					
ANR	2083	Argument	& m -> mh -> full_name_offset		1513	0					
ANR	2084	UnaryOperationExpression	& m -> mh -> full_name_offset		1513	0					
ANR	2085	UnaryOperator	&		1513	0					
ANR	2086	PtrMemberAccess	m -> mh -> full_name_offset		1513	1					
ANR	2087	PtrMemberAccess	m -> mh		1513	0					
ANR	2088	Identifier	m		1513	0					
ANR	2089	Identifier	mh		1513	1					
ANR	2090	Identifier	full_name_offset		1513	1					
ANR	2091	Argument	buf		1513	1					
ANR	2092	Identifier	buf		1513	0					
ANR	2093	ExpressionStatement	"mobi_buffer_dup32 ( & m -> mh -> full_name_length , buf )"	333:4:11952:12000	1513	29	True				
ANR	2094	CallExpression	"mobi_buffer_dup32 ( & m -> mh -> full_name_length , buf )"		1513	0					
ANR	2095	Callee	mobi_buffer_dup32		1513	0					
ANR	2096	Identifier	mobi_buffer_dup32		1513	0					
ANR	2097	ArgumentList	& m -> mh -> full_name_length		1513	1					
ANR	2098	Argument	& m -> mh -> full_name_length		1513	0					
ANR	2099	UnaryOperationExpression	& m -> mh -> full_name_length		1513	0					
ANR	2100	UnaryOperator	&		1513	0					
ANR	2101	PtrMemberAccess	m -> mh -> full_name_length		1513	1					
ANR	2102	PtrMemberAccess	m -> mh		1513	0					
ANR	2103	Identifier	m		1513	0					
ANR	2104	Identifier	mh		1513	1					
ANR	2105	Identifier	full_name_length		1513	1					
ANR	2106	Argument	buf		1513	1					
ANR	2107	Identifier	buf		1513	0					
ANR	2108	ExpressionStatement	"mobi_buffer_dup32 ( & m -> mh -> locale , buf )"	334:4:12006:12044	1513	30	True				
ANR	2109	CallExpression	"mobi_buffer_dup32 ( & m -> mh -> locale , buf )"		1513	0					
ANR	2110	Callee	mobi_buffer_dup32		1513	0					
ANR	2111	Identifier	mobi_buffer_dup32		1513	0					
ANR	2112	ArgumentList	& m -> mh -> locale		1513	1					
ANR	2113	Argument	& m -> mh -> locale		1513	0					
ANR	2114	UnaryOperationExpression	& m -> mh -> locale		1513	0					
ANR	2115	UnaryOperator	&		1513	0					
ANR	2116	PtrMemberAccess	m -> mh -> locale		1513	1					
ANR	2117	PtrMemberAccess	m -> mh		1513	0					
ANR	2118	Identifier	m		1513	0					
ANR	2119	Identifier	mh		1513	1					
ANR	2120	Identifier	locale		1513	1					
ANR	2121	Argument	buf		1513	1					
ANR	2122	Identifier	buf		1513	0					
ANR	2123	ExpressionStatement	"mobi_buffer_dup32 ( & m -> mh -> dict_input_lang , buf )"	335:4:12050:12097	1513	31	True				
ANR	2124	CallExpression	"mobi_buffer_dup32 ( & m -> mh -> dict_input_lang , buf )"		1513	0					
ANR	2125	Callee	mobi_buffer_dup32		1513	0					
ANR	2126	Identifier	mobi_buffer_dup32		1513	0					
ANR	2127	ArgumentList	& m -> mh -> dict_input_lang		1513	1					
ANR	2128	Argument	& m -> mh -> dict_input_lang		1513	0					
ANR	2129	UnaryOperationExpression	& m -> mh -> dict_input_lang		1513	0					
ANR	2130	UnaryOperator	&		1513	0					
ANR	2131	PtrMemberAccess	m -> mh -> dict_input_lang		1513	1					
ANR	2132	PtrMemberAccess	m -> mh		1513	0					
ANR	2133	Identifier	m		1513	0					
ANR	2134	Identifier	mh		1513	1					
ANR	2135	Identifier	dict_input_lang		1513	1					
ANR	2136	Argument	buf		1513	1					
ANR	2137	Identifier	buf		1513	0					
ANR	2138	ExpressionStatement	"mobi_buffer_dup32 ( & m -> mh -> dict_output_lang , buf )"	336:4:12103:12151	1513	32	True				
ANR	2139	CallExpression	"mobi_buffer_dup32 ( & m -> mh -> dict_output_lang , buf )"		1513	0					
ANR	2140	Callee	mobi_buffer_dup32		1513	0					
ANR	2141	Identifier	mobi_buffer_dup32		1513	0					
ANR	2142	ArgumentList	& m -> mh -> dict_output_lang		1513	1					
ANR	2143	Argument	& m -> mh -> dict_output_lang		1513	0					
ANR	2144	UnaryOperationExpression	& m -> mh -> dict_output_lang		1513	0					
ANR	2145	UnaryOperator	&		1513	0					
ANR	2146	PtrMemberAccess	m -> mh -> dict_output_lang		1513	1					
ANR	2147	PtrMemberAccess	m -> mh		1513	0					
ANR	2148	Identifier	m		1513	0					
ANR	2149	Identifier	mh		1513	1					
ANR	2150	Identifier	dict_output_lang		1513	1					
ANR	2151	Argument	buf		1513	1					
ANR	2152	Identifier	buf		1513	0					
ANR	2153	ExpressionStatement	"mobi_buffer_dup32 ( & m -> mh -> min_version , buf )"	337:4:12157:12200	1513	33	True				
ANR	2154	CallExpression	"mobi_buffer_dup32 ( & m -> mh -> min_version , buf )"		1513	0					
ANR	2155	Callee	mobi_buffer_dup32		1513	0					
ANR	2156	Identifier	mobi_buffer_dup32		1513	0					
ANR	2157	ArgumentList	& m -> mh -> min_version		1513	1					
ANR	2158	Argument	& m -> mh -> min_version		1513	0					
ANR	2159	UnaryOperationExpression	& m -> mh -> min_version		1513	0					
ANR	2160	UnaryOperator	&		1513	0					
ANR	2161	PtrMemberAccess	m -> mh -> min_version		1513	1					
ANR	2162	PtrMemberAccess	m -> mh		1513	0					
ANR	2163	Identifier	m		1513	0					
ANR	2164	Identifier	mh		1513	1					
ANR	2165	Identifier	min_version		1513	1					
ANR	2166	Argument	buf		1513	1					
ANR	2167	Identifier	buf		1513	0					
ANR	2168	ExpressionStatement	"mobi_buffer_dup32 ( & m -> mh -> image_index , buf )"	338:4:12206:12249	1513	34	True				
ANR	2169	CallExpression	"mobi_buffer_dup32 ( & m -> mh -> image_index , buf )"		1513	0					
ANR	2170	Callee	mobi_buffer_dup32		1513	0					
ANR	2171	Identifier	mobi_buffer_dup32		1513	0					
ANR	2172	ArgumentList	& m -> mh -> image_index		1513	1					
ANR	2173	Argument	& m -> mh -> image_index		1513	0					
ANR	2174	UnaryOperationExpression	& m -> mh -> image_index		1513	0					
ANR	2175	UnaryOperator	&		1513	0					
ANR	2176	PtrMemberAccess	m -> mh -> image_index		1513	1					
ANR	2177	PtrMemberAccess	m -> mh		1513	0					
ANR	2178	Identifier	m		1513	0					
ANR	2179	Identifier	mh		1513	1					
ANR	2180	Identifier	image_index		1513	1					
ANR	2181	Argument	buf		1513	1					
ANR	2182	Identifier	buf		1513	0					
ANR	2183	ExpressionStatement	"mobi_buffer_dup32 ( & m -> mh -> huff_rec_index , buf )"	339:4:12255:12301	1513	35	True				
ANR	2184	CallExpression	"mobi_buffer_dup32 ( & m -> mh -> huff_rec_index , buf )"		1513	0					
ANR	2185	Callee	mobi_buffer_dup32		1513	0					
ANR	2186	Identifier	mobi_buffer_dup32		1513	0					
ANR	2187	ArgumentList	& m -> mh -> huff_rec_index		1513	1					
ANR	2188	Argument	& m -> mh -> huff_rec_index		1513	0					
ANR	2189	UnaryOperationExpression	& m -> mh -> huff_rec_index		1513	0					
ANR	2190	UnaryOperator	&		1513	0					
ANR	2191	PtrMemberAccess	m -> mh -> huff_rec_index		1513	1					
ANR	2192	PtrMemberAccess	m -> mh		1513	0					
ANR	2193	Identifier	m		1513	0					
ANR	2194	Identifier	mh		1513	1					
ANR	2195	Identifier	huff_rec_index		1513	1					
ANR	2196	Argument	buf		1513	1					
ANR	2197	Identifier	buf		1513	0					
ANR	2198	ExpressionStatement	"mobi_buffer_dup32 ( & m -> mh -> huff_rec_count , buf )"	340:4:12307:12353	1513	36	True				
ANR	2199	CallExpression	"mobi_buffer_dup32 ( & m -> mh -> huff_rec_count , buf )"		1513	0					
ANR	2200	Callee	mobi_buffer_dup32		1513	0					
ANR	2201	Identifier	mobi_buffer_dup32		1513	0					
ANR	2202	ArgumentList	& m -> mh -> huff_rec_count		1513	1					
ANR	2203	Argument	& m -> mh -> huff_rec_count		1513	0					
ANR	2204	UnaryOperationExpression	& m -> mh -> huff_rec_count		1513	0					
ANR	2205	UnaryOperator	&		1513	0					
ANR	2206	PtrMemberAccess	m -> mh -> huff_rec_count		1513	1					
ANR	2207	PtrMemberAccess	m -> mh		1513	0					
ANR	2208	Identifier	m		1513	0					
ANR	2209	Identifier	mh		1513	1					
ANR	2210	Identifier	huff_rec_count		1513	1					
ANR	2211	Argument	buf		1513	1					
ANR	2212	Identifier	buf		1513	0					
ANR	2213	ExpressionStatement	"mobi_buffer_dup32 ( & m -> mh -> datp_rec_index , buf )"	341:4:12359:12405	1513	37	True				
ANR	2214	CallExpression	"mobi_buffer_dup32 ( & m -> mh -> datp_rec_index , buf )"		1513	0					
ANR	2215	Callee	mobi_buffer_dup32		1513	0					
ANR	2216	Identifier	mobi_buffer_dup32		1513	0					
ANR	2217	ArgumentList	& m -> mh -> datp_rec_index		1513	1					
ANR	2218	Argument	& m -> mh -> datp_rec_index		1513	0					
ANR	2219	UnaryOperationExpression	& m -> mh -> datp_rec_index		1513	0					
ANR	2220	UnaryOperator	&		1513	0					
ANR	2221	PtrMemberAccess	m -> mh -> datp_rec_index		1513	1					
ANR	2222	PtrMemberAccess	m -> mh		1513	0					
ANR	2223	Identifier	m		1513	0					
ANR	2224	Identifier	mh		1513	1					
ANR	2225	Identifier	datp_rec_index		1513	1					
ANR	2226	Argument	buf		1513	1					
ANR	2227	Identifier	buf		1513	0					
ANR	2228	ExpressionStatement	"mobi_buffer_dup32 ( & m -> mh -> datp_rec_count , buf )"	342:4:12411:12457	1513	38	True				
ANR	2229	CallExpression	"mobi_buffer_dup32 ( & m -> mh -> datp_rec_count , buf )"		1513	0					
ANR	2230	Callee	mobi_buffer_dup32		1513	0					
ANR	2231	Identifier	mobi_buffer_dup32		1513	0					
ANR	2232	ArgumentList	& m -> mh -> datp_rec_count		1513	1					
ANR	2233	Argument	& m -> mh -> datp_rec_count		1513	0					
ANR	2234	UnaryOperationExpression	& m -> mh -> datp_rec_count		1513	0					
ANR	2235	UnaryOperator	&		1513	0					
ANR	2236	PtrMemberAccess	m -> mh -> datp_rec_count		1513	1					
ANR	2237	PtrMemberAccess	m -> mh		1513	0					
ANR	2238	Identifier	m		1513	0					
ANR	2239	Identifier	mh		1513	1					
ANR	2240	Identifier	datp_rec_count		1513	1					
ANR	2241	Argument	buf		1513	1					
ANR	2242	Identifier	buf		1513	0					
ANR	2243	ExpressionStatement	"mobi_buffer_dup32 ( & m -> mh -> exth_flags , buf )"	343:4:12463:12505	1513	39	True				
ANR	2244	CallExpression	"mobi_buffer_dup32 ( & m -> mh -> exth_flags , buf )"		1513	0					
ANR	2245	Callee	mobi_buffer_dup32		1513	0					
ANR	2246	Identifier	mobi_buffer_dup32		1513	0					
ANR	2247	ArgumentList	& m -> mh -> exth_flags		1513	1					
ANR	2248	Argument	& m -> mh -> exth_flags		1513	0					
ANR	2249	UnaryOperationExpression	& m -> mh -> exth_flags		1513	0					
ANR	2250	UnaryOperator	&		1513	0					
ANR	2251	PtrMemberAccess	m -> mh -> exth_flags		1513	1					
ANR	2252	PtrMemberAccess	m -> mh		1513	0					
ANR	2253	Identifier	m		1513	0					
ANR	2254	Identifier	mh		1513	1					
ANR	2255	Identifier	exth_flags		1513	1					
ANR	2256	Argument	buf		1513	1					
ANR	2257	Identifier	buf		1513	0					
ANR	2258	ExpressionStatement	"mobi_buffer_seek ( buf , 32 )"	344:4:12511:12536	1513	40	True				
ANR	2259	CallExpression	"mobi_buffer_seek ( buf , 32 )"		1513	0					
ANR	2260	Callee	mobi_buffer_seek		1513	0					
ANR	2261	Identifier	mobi_buffer_seek		1513	0					
ANR	2262	ArgumentList	buf		1513	1					
ANR	2263	Argument	buf		1513	0					
ANR	2264	Identifier	buf		1513	0					
ANR	2265	Argument	32		1513	1					
ANR	2266	PrimaryExpression	32		1513	0					
ANR	2267	ExpressionStatement	"mobi_buffer_dup32 ( & m -> mh -> unknown6 , buf )"	345:4:12565:12605	1513	41	True				
ANR	2268	CallExpression	"mobi_buffer_dup32 ( & m -> mh -> unknown6 , buf )"		1513	0					
ANR	2269	Callee	mobi_buffer_dup32		1513	0					
ANR	2270	Identifier	mobi_buffer_dup32		1513	0					
ANR	2271	ArgumentList	& m -> mh -> unknown6		1513	1					
ANR	2272	Argument	& m -> mh -> unknown6		1513	0					
ANR	2273	UnaryOperationExpression	& m -> mh -> unknown6		1513	0					
ANR	2274	UnaryOperator	&		1513	0					
ANR	2275	PtrMemberAccess	m -> mh -> unknown6		1513	1					
ANR	2276	PtrMemberAccess	m -> mh		1513	0					
ANR	2277	Identifier	m		1513	0					
ANR	2278	Identifier	mh		1513	1					
ANR	2279	Identifier	unknown6		1513	1					
ANR	2280	Argument	buf		1513	1					
ANR	2281	Identifier	buf		1513	0					
ANR	2282	ExpressionStatement	"mobi_buffer_dup32 ( & m -> mh -> drm_offset , buf )"	346:4:12611:12653	1513	42	True				
ANR	2283	CallExpression	"mobi_buffer_dup32 ( & m -> mh -> drm_offset , buf )"		1513	0					
ANR	2284	Callee	mobi_buffer_dup32		1513	0					
ANR	2285	Identifier	mobi_buffer_dup32		1513	0					
ANR	2286	ArgumentList	& m -> mh -> drm_offset		1513	1					
ANR	2287	Argument	& m -> mh -> drm_offset		1513	0					
ANR	2288	UnaryOperationExpression	& m -> mh -> drm_offset		1513	0					
ANR	2289	UnaryOperator	&		1513	0					
ANR	2290	PtrMemberAccess	m -> mh -> drm_offset		1513	1					
ANR	2291	PtrMemberAccess	m -> mh		1513	0					
ANR	2292	Identifier	m		1513	0					
ANR	2293	Identifier	mh		1513	1					
ANR	2294	Identifier	drm_offset		1513	1					
ANR	2295	Argument	buf		1513	1					
ANR	2296	Identifier	buf		1513	0					
ANR	2297	ExpressionStatement	"mobi_buffer_dup32 ( & m -> mh -> drm_count , buf )"	347:4:12659:12700	1513	43	True				
ANR	2298	CallExpression	"mobi_buffer_dup32 ( & m -> mh -> drm_count , buf )"		1513	0					
ANR	2299	Callee	mobi_buffer_dup32		1513	0					
ANR	2300	Identifier	mobi_buffer_dup32		1513	0					
ANR	2301	ArgumentList	& m -> mh -> drm_count		1513	1					
ANR	2302	Argument	& m -> mh -> drm_count		1513	0					
ANR	2303	UnaryOperationExpression	& m -> mh -> drm_count		1513	0					
ANR	2304	UnaryOperator	&		1513	0					
ANR	2305	PtrMemberAccess	m -> mh -> drm_count		1513	1					
ANR	2306	PtrMemberAccess	m -> mh		1513	0					
ANR	2307	Identifier	m		1513	0					
ANR	2308	Identifier	mh		1513	1					
ANR	2309	Identifier	drm_count		1513	1					
ANR	2310	Argument	buf		1513	1					
ANR	2311	Identifier	buf		1513	0					
ANR	2312	ExpressionStatement	"mobi_buffer_dup32 ( & m -> mh -> drm_size , buf )"	348:4:12706:12746	1513	44	True				
ANR	2313	CallExpression	"mobi_buffer_dup32 ( & m -> mh -> drm_size , buf )"		1513	0					
ANR	2314	Callee	mobi_buffer_dup32		1513	0					
ANR	2315	Identifier	mobi_buffer_dup32		1513	0					
ANR	2316	ArgumentList	& m -> mh -> drm_size		1513	1					
ANR	2317	Argument	& m -> mh -> drm_size		1513	0					
ANR	2318	UnaryOperationExpression	& m -> mh -> drm_size		1513	0					
ANR	2319	UnaryOperator	&		1513	0					
ANR	2320	PtrMemberAccess	m -> mh -> drm_size		1513	1					
ANR	2321	PtrMemberAccess	m -> mh		1513	0					
ANR	2322	Identifier	m		1513	0					
ANR	2323	Identifier	mh		1513	1					
ANR	2324	Identifier	drm_size		1513	1					
ANR	2325	Argument	buf		1513	1					
ANR	2326	Identifier	buf		1513	0					
ANR	2327	ExpressionStatement	"mobi_buffer_dup32 ( & m -> mh -> drm_flags , buf )"	349:4:12752:12793	1513	45	True				
ANR	2328	CallExpression	"mobi_buffer_dup32 ( & m -> mh -> drm_flags , buf )"		1513	0					
ANR	2329	Callee	mobi_buffer_dup32		1513	0					
ANR	2330	Identifier	mobi_buffer_dup32		1513	0					
ANR	2331	ArgumentList	& m -> mh -> drm_flags		1513	1					
ANR	2332	Argument	& m -> mh -> drm_flags		1513	0					
ANR	2333	UnaryOperationExpression	& m -> mh -> drm_flags		1513	0					
ANR	2334	UnaryOperator	&		1513	0					
ANR	2335	PtrMemberAccess	m -> mh -> drm_flags		1513	1					
ANR	2336	PtrMemberAccess	m -> mh		1513	0					
ANR	2337	Identifier	m		1513	0					
ANR	2338	Identifier	mh		1513	1					
ANR	2339	Identifier	drm_flags		1513	1					
ANR	2340	Argument	buf		1513	1					
ANR	2341	Identifier	buf		1513	0					
ANR	2342	ExpressionStatement	"mobi_buffer_seek ( buf , 8 )"	350:4:12799:12823	1513	46	True				
ANR	2343	CallExpression	"mobi_buffer_seek ( buf , 8 )"		1513	0					
ANR	2344	Callee	mobi_buffer_seek		1513	0					
ANR	2345	Identifier	mobi_buffer_seek		1513	0					
ANR	2346	ArgumentList	buf		1513	1					
ANR	2347	Argument	buf		1513	0					
ANR	2348	Identifier	buf		1513	0					
ANR	2349	Argument	8		1513	1					
ANR	2350	PrimaryExpression	8		1513	0					
ANR	2351	IfStatement	if ( isKF8 )		1513	47					
ANR	2352	Condition	isKF8	351:8:12855:12859	1513	0	True				
ANR	2353	Identifier	isKF8		1513	0					
ANR	2354	CompoundStatement		82:15:3643:3643	1513	1					
ANR	2355	ExpressionStatement	"mobi_buffer_dup32 ( & m -> mh -> fdst_index , buf )"	352:8:12872:12914	1513	0	True				
ANR	2356	CallExpression	"mobi_buffer_dup32 ( & m -> mh -> fdst_index , buf )"		1513	0					
ANR	2357	Callee	mobi_buffer_dup32		1513	0					
ANR	2358	Identifier	mobi_buffer_dup32		1513	0					
ANR	2359	ArgumentList	& m -> mh -> fdst_index		1513	1					
ANR	2360	Argument	& m -> mh -> fdst_index		1513	0					
ANR	2361	UnaryOperationExpression	& m -> mh -> fdst_index		1513	0					
ANR	2362	UnaryOperator	&		1513	0					
ANR	2363	PtrMemberAccess	m -> mh -> fdst_index		1513	1					
ANR	2364	PtrMemberAccess	m -> mh		1513	0					
ANR	2365	Identifier	m		1513	0					
ANR	2366	Identifier	mh		1513	1					
ANR	2367	Identifier	fdst_index		1513	1					
ANR	2368	Argument	buf		1513	1					
ANR	2369	Identifier	buf		1513	0					
ANR	2370	ElseStatement	else		1513	0					
ANR	2371	CompoundStatement		84:11:3708:3708	1513	0					
ANR	2372	ExpressionStatement	"mobi_buffer_dup16 ( & m -> mh -> first_text_index , buf )"	354:8:12937:12985	1513	0	True				
ANR	2373	CallExpression	"mobi_buffer_dup16 ( & m -> mh -> first_text_index , buf )"		1513	0					
ANR	2374	Callee	mobi_buffer_dup16		1513	0					
ANR	2375	Identifier	mobi_buffer_dup16		1513	0					
ANR	2376	ArgumentList	& m -> mh -> first_text_index		1513	1					
ANR	2377	Argument	& m -> mh -> first_text_index		1513	0					
ANR	2378	UnaryOperationExpression	& m -> mh -> first_text_index		1513	0					
ANR	2379	UnaryOperator	&		1513	0					
ANR	2380	PtrMemberAccess	m -> mh -> first_text_index		1513	1					
ANR	2381	PtrMemberAccess	m -> mh		1513	0					
ANR	2382	Identifier	m		1513	0					
ANR	2383	Identifier	mh		1513	1					
ANR	2384	Identifier	first_text_index		1513	1					
ANR	2385	Argument	buf		1513	1					
ANR	2386	Identifier	buf		1513	0					
ANR	2387	ExpressionStatement	"mobi_buffer_dup16 ( & m -> mh -> last_text_index , buf )"	355:8:12995:13042	1513	1	True				
ANR	2388	CallExpression	"mobi_buffer_dup16 ( & m -> mh -> last_text_index , buf )"		1513	0					
ANR	2389	Callee	mobi_buffer_dup16		1513	0					
ANR	2390	Identifier	mobi_buffer_dup16		1513	0					
ANR	2391	ArgumentList	& m -> mh -> last_text_index		1513	1					
ANR	2392	Argument	& m -> mh -> last_text_index		1513	0					
ANR	2393	UnaryOperationExpression	& m -> mh -> last_text_index		1513	0					
ANR	2394	UnaryOperator	&		1513	0					
ANR	2395	PtrMemberAccess	m -> mh -> last_text_index		1513	1					
ANR	2396	PtrMemberAccess	m -> mh		1513	0					
ANR	2397	Identifier	m		1513	0					
ANR	2398	Identifier	mh		1513	1					
ANR	2399	Identifier	last_text_index		1513	1					
ANR	2400	Argument	buf		1513	1					
ANR	2401	Identifier	buf		1513	0					
ANR	2402	ExpressionStatement	"mobi_buffer_dup32 ( & m -> mh -> fdst_section_count , buf )"	357:4:13054:13104	1513	48	True				
ANR	2403	CallExpression	"mobi_buffer_dup32 ( & m -> mh -> fdst_section_count , buf )"		1513	0					
ANR	2404	Callee	mobi_buffer_dup32		1513	0					
ANR	2405	Identifier	mobi_buffer_dup32		1513	0					
ANR	2406	ArgumentList	& m -> mh -> fdst_section_count		1513	1					
ANR	2407	Argument	& m -> mh -> fdst_section_count		1513	0					
ANR	2408	UnaryOperationExpression	& m -> mh -> fdst_section_count		1513	0					
ANR	2409	UnaryOperator	&		1513	0					
ANR	2410	PtrMemberAccess	m -> mh -> fdst_section_count		1513	1					
ANR	2411	PtrMemberAccess	m -> mh		1513	0					
ANR	2412	Identifier	m		1513	0					
ANR	2413	Identifier	mh		1513	1					
ANR	2414	Identifier	fdst_section_count		1513	1					
ANR	2415	Argument	buf		1513	1					
ANR	2416	Identifier	buf		1513	0					
ANR	2417	ExpressionStatement	"mobi_buffer_dup32 ( & m -> mh -> fcis_index , buf )"	358:4:13110:13152	1513	49	True				
ANR	2418	CallExpression	"mobi_buffer_dup32 ( & m -> mh -> fcis_index , buf )"		1513	0					
ANR	2419	Callee	mobi_buffer_dup32		1513	0					
ANR	2420	Identifier	mobi_buffer_dup32		1513	0					
ANR	2421	ArgumentList	& m -> mh -> fcis_index		1513	1					
ANR	2422	Argument	& m -> mh -> fcis_index		1513	0					
ANR	2423	UnaryOperationExpression	& m -> mh -> fcis_index		1513	0					
ANR	2424	UnaryOperator	&		1513	0					
ANR	2425	PtrMemberAccess	m -> mh -> fcis_index		1513	1					
ANR	2426	PtrMemberAccess	m -> mh		1513	0					
ANR	2427	Identifier	m		1513	0					
ANR	2428	Identifier	mh		1513	1					
ANR	2429	Identifier	fcis_index		1513	1					
ANR	2430	Argument	buf		1513	1					
ANR	2431	Identifier	buf		1513	0					
ANR	2432	ExpressionStatement	"mobi_buffer_dup32 ( & m -> mh -> fcis_count , buf )"	359:4:13158:13200	1513	50	True				
ANR	2433	CallExpression	"mobi_buffer_dup32 ( & m -> mh -> fcis_count , buf )"		1513	0					
ANR	2434	Callee	mobi_buffer_dup32		1513	0					
ANR	2435	Identifier	mobi_buffer_dup32		1513	0					
ANR	2436	ArgumentList	& m -> mh -> fcis_count		1513	1					
ANR	2437	Argument	& m -> mh -> fcis_count		1513	0					
ANR	2438	UnaryOperationExpression	& m -> mh -> fcis_count		1513	0					
ANR	2439	UnaryOperator	&		1513	0					
ANR	2440	PtrMemberAccess	m -> mh -> fcis_count		1513	1					
ANR	2441	PtrMemberAccess	m -> mh		1513	0					
ANR	2442	Identifier	m		1513	0					
ANR	2443	Identifier	mh		1513	1					
ANR	2444	Identifier	fcis_count		1513	1					
ANR	2445	Argument	buf		1513	1					
ANR	2446	Identifier	buf		1513	0					
ANR	2447	ExpressionStatement	"mobi_buffer_dup32 ( & m -> mh -> flis_index , buf )"	360:4:13206:13248	1513	51	True				
ANR	2448	CallExpression	"mobi_buffer_dup32 ( & m -> mh -> flis_index , buf )"		1513	0					
ANR	2449	Callee	mobi_buffer_dup32		1513	0					
ANR	2450	Identifier	mobi_buffer_dup32		1513	0					
ANR	2451	ArgumentList	& m -> mh -> flis_index		1513	1					
ANR	2452	Argument	& m -> mh -> flis_index		1513	0					
ANR	2453	UnaryOperationExpression	& m -> mh -> flis_index		1513	0					
ANR	2454	UnaryOperator	&		1513	0					
ANR	2455	PtrMemberAccess	m -> mh -> flis_index		1513	1					
ANR	2456	PtrMemberAccess	m -> mh		1513	0					
ANR	2457	Identifier	m		1513	0					
ANR	2458	Identifier	mh		1513	1					
ANR	2459	Identifier	flis_index		1513	1					
ANR	2460	Argument	buf		1513	1					
ANR	2461	Identifier	buf		1513	0					
ANR	2462	ExpressionStatement	"mobi_buffer_dup32 ( & m -> mh -> flis_count , buf )"	361:4:13254:13296	1513	52	True				
ANR	2463	CallExpression	"mobi_buffer_dup32 ( & m -> mh -> flis_count , buf )"		1513	0					
ANR	2464	Callee	mobi_buffer_dup32		1513	0					
ANR	2465	Identifier	mobi_buffer_dup32		1513	0					
ANR	2466	ArgumentList	& m -> mh -> flis_count		1513	1					
ANR	2467	Argument	& m -> mh -> flis_count		1513	0					
ANR	2468	UnaryOperationExpression	& m -> mh -> flis_count		1513	0					
ANR	2469	UnaryOperator	&		1513	0					
ANR	2470	PtrMemberAccess	m -> mh -> flis_count		1513	1					
ANR	2471	PtrMemberAccess	m -> mh		1513	0					
ANR	2472	Identifier	m		1513	0					
ANR	2473	Identifier	mh		1513	1					
ANR	2474	Identifier	flis_count		1513	1					
ANR	2475	Argument	buf		1513	1					
ANR	2476	Identifier	buf		1513	0					
ANR	2477	ExpressionStatement	"mobi_buffer_dup32 ( & m -> mh -> unknown10 , buf )"	362:4:13302:13343	1513	53	True				
ANR	2478	CallExpression	"mobi_buffer_dup32 ( & m -> mh -> unknown10 , buf )"		1513	0					
ANR	2479	Callee	mobi_buffer_dup32		1513	0					
ANR	2480	Identifier	mobi_buffer_dup32		1513	0					
ANR	2481	ArgumentList	& m -> mh -> unknown10		1513	1					
ANR	2482	Argument	& m -> mh -> unknown10		1513	0					
ANR	2483	UnaryOperationExpression	& m -> mh -> unknown10		1513	0					
ANR	2484	UnaryOperator	&		1513	0					
ANR	2485	PtrMemberAccess	m -> mh -> unknown10		1513	1					
ANR	2486	PtrMemberAccess	m -> mh		1513	0					
ANR	2487	Identifier	m		1513	0					
ANR	2488	Identifier	mh		1513	1					
ANR	2489	Identifier	unknown10		1513	1					
ANR	2490	Argument	buf		1513	1					
ANR	2491	Identifier	buf		1513	0					
ANR	2492	ExpressionStatement	"mobi_buffer_dup32 ( & m -> mh -> unknown11 , buf )"	363:4:13349:13390	1513	54	True				
ANR	2493	CallExpression	"mobi_buffer_dup32 ( & m -> mh -> unknown11 , buf )"		1513	0					
ANR	2494	Callee	mobi_buffer_dup32		1513	0					
ANR	2495	Identifier	mobi_buffer_dup32		1513	0					
ANR	2496	ArgumentList	& m -> mh -> unknown11		1513	1					
ANR	2497	Argument	& m -> mh -> unknown11		1513	0					
ANR	2498	UnaryOperationExpression	& m -> mh -> unknown11		1513	0					
ANR	2499	UnaryOperator	&		1513	0					
ANR	2500	PtrMemberAccess	m -> mh -> unknown11		1513	1					
ANR	2501	PtrMemberAccess	m -> mh		1513	0					
ANR	2502	Identifier	m		1513	0					
ANR	2503	Identifier	mh		1513	1					
ANR	2504	Identifier	unknown11		1513	1					
ANR	2505	Argument	buf		1513	1					
ANR	2506	Identifier	buf		1513	0					
ANR	2507	ExpressionStatement	"mobi_buffer_dup32 ( & m -> mh -> srcs_index , buf )"	364:4:13396:13438	1513	55	True				
ANR	2508	CallExpression	"mobi_buffer_dup32 ( & m -> mh -> srcs_index , buf )"		1513	0					
ANR	2509	Callee	mobi_buffer_dup32		1513	0					
ANR	2510	Identifier	mobi_buffer_dup32		1513	0					
ANR	2511	ArgumentList	& m -> mh -> srcs_index		1513	1					
ANR	2512	Argument	& m -> mh -> srcs_index		1513	0					
ANR	2513	UnaryOperationExpression	& m -> mh -> srcs_index		1513	0					
ANR	2514	UnaryOperator	&		1513	0					
ANR	2515	PtrMemberAccess	m -> mh -> srcs_index		1513	1					
ANR	2516	PtrMemberAccess	m -> mh		1513	0					
ANR	2517	Identifier	m		1513	0					
ANR	2518	Identifier	mh		1513	1					
ANR	2519	Identifier	srcs_index		1513	1					
ANR	2520	Argument	buf		1513	1					
ANR	2521	Identifier	buf		1513	0					
ANR	2522	ExpressionStatement	"mobi_buffer_dup32 ( & m -> mh -> srcs_count , buf )"	365:4:13444:13486	1513	56	True				
ANR	2523	CallExpression	"mobi_buffer_dup32 ( & m -> mh -> srcs_count , buf )"		1513	0					
ANR	2524	Callee	mobi_buffer_dup32		1513	0					
ANR	2525	Identifier	mobi_buffer_dup32		1513	0					
ANR	2526	ArgumentList	& m -> mh -> srcs_count		1513	1					
ANR	2527	Argument	& m -> mh -> srcs_count		1513	0					
ANR	2528	UnaryOperationExpression	& m -> mh -> srcs_count		1513	0					
ANR	2529	UnaryOperator	&		1513	0					
ANR	2530	PtrMemberAccess	m -> mh -> srcs_count		1513	1					
ANR	2531	PtrMemberAccess	m -> mh		1513	0					
ANR	2532	Identifier	m		1513	0					
ANR	2533	Identifier	mh		1513	1					
ANR	2534	Identifier	srcs_count		1513	1					
ANR	2535	Argument	buf		1513	1					
ANR	2536	Identifier	buf		1513	0					
ANR	2537	ExpressionStatement	"mobi_buffer_dup32 ( & m -> mh -> unknown12 , buf )"	366:4:13492:13533	1513	57	True				
ANR	2538	CallExpression	"mobi_buffer_dup32 ( & m -> mh -> unknown12 , buf )"		1513	0					
ANR	2539	Callee	mobi_buffer_dup32		1513	0					
ANR	2540	Identifier	mobi_buffer_dup32		1513	0					
ANR	2541	ArgumentList	& m -> mh -> unknown12		1513	1					
ANR	2542	Argument	& m -> mh -> unknown12		1513	0					
ANR	2543	UnaryOperationExpression	& m -> mh -> unknown12		1513	0					
ANR	2544	UnaryOperator	&		1513	0					
ANR	2545	PtrMemberAccess	m -> mh -> unknown12		1513	1					
ANR	2546	PtrMemberAccess	m -> mh		1513	0					
ANR	2547	Identifier	m		1513	0					
ANR	2548	Identifier	mh		1513	1					
ANR	2549	Identifier	unknown12		1513	1					
ANR	2550	Argument	buf		1513	1					
ANR	2551	Identifier	buf		1513	0					
ANR	2552	ExpressionStatement	"mobi_buffer_dup32 ( & m -> mh -> unknown13 , buf )"	367:4:13539:13580	1513	58	True				
ANR	2553	CallExpression	"mobi_buffer_dup32 ( & m -> mh -> unknown13 , buf )"		1513	0					
ANR	2554	Callee	mobi_buffer_dup32		1513	0					
ANR	2555	Identifier	mobi_buffer_dup32		1513	0					
ANR	2556	ArgumentList	& m -> mh -> unknown13		1513	1					
ANR	2557	Argument	& m -> mh -> unknown13		1513	0					
ANR	2558	UnaryOperationExpression	& m -> mh -> unknown13		1513	0					
ANR	2559	UnaryOperator	&		1513	0					
ANR	2560	PtrMemberAccess	m -> mh -> unknown13		1513	1					
ANR	2561	PtrMemberAccess	m -> mh		1513	0					
ANR	2562	Identifier	m		1513	0					
ANR	2563	Identifier	mh		1513	1					
ANR	2564	Identifier	unknown13		1513	1					
ANR	2565	Argument	buf		1513	1					
ANR	2566	Identifier	buf		1513	0					
ANR	2567	ExpressionStatement	"mobi_buffer_seek ( buf , 2 )"	368:4:13586:13610	1513	59	True				
ANR	2568	CallExpression	"mobi_buffer_seek ( buf , 2 )"		1513	0					
ANR	2569	Callee	mobi_buffer_seek		1513	0					
ANR	2570	Identifier	mobi_buffer_seek		1513	0					
ANR	2571	ArgumentList	buf		1513	1					
ANR	2572	Argument	buf		1513	0					
ANR	2573	Identifier	buf		1513	0					
ANR	2574	Argument	2		1513	1					
ANR	2575	PrimaryExpression	2		1513	0					
ANR	2576	ExpressionStatement	"mobi_buffer_dup16 ( & m -> mh -> extra_flags , buf )"	369:4:13634:13677	1513	60	True				
ANR	2577	CallExpression	"mobi_buffer_dup16 ( & m -> mh -> extra_flags , buf )"		1513	0					
ANR	2578	Callee	mobi_buffer_dup16		1513	0					
ANR	2579	Identifier	mobi_buffer_dup16		1513	0					
ANR	2580	ArgumentList	& m -> mh -> extra_flags		1513	1					
ANR	2581	Argument	& m -> mh -> extra_flags		1513	0					
ANR	2582	UnaryOperationExpression	& m -> mh -> extra_flags		1513	0					
ANR	2583	UnaryOperator	&		1513	0					
ANR	2584	PtrMemberAccess	m -> mh -> extra_flags		1513	1					
ANR	2585	PtrMemberAccess	m -> mh		1513	0					
ANR	2586	Identifier	m		1513	0					
ANR	2587	Identifier	mh		1513	1					
ANR	2588	Identifier	extra_flags		1513	1					
ANR	2589	Argument	buf		1513	1					
ANR	2590	Identifier	buf		1513	0					
ANR	2591	ExpressionStatement	"mobi_buffer_dup32 ( & m -> mh -> ncx_index , buf )"	370:4:13683:13724	1513	61	True				
ANR	2592	CallExpression	"mobi_buffer_dup32 ( & m -> mh -> ncx_index , buf )"		1513	0					
ANR	2593	Callee	mobi_buffer_dup32		1513	0					
ANR	2594	Identifier	mobi_buffer_dup32		1513	0					
ANR	2595	ArgumentList	& m -> mh -> ncx_index		1513	1					
ANR	2596	Argument	& m -> mh -> ncx_index		1513	0					
ANR	2597	UnaryOperationExpression	& m -> mh -> ncx_index		1513	0					
ANR	2598	UnaryOperator	&		1513	0					
ANR	2599	PtrMemberAccess	m -> mh -> ncx_index		1513	1					
ANR	2600	PtrMemberAccess	m -> mh		1513	0					
ANR	2601	Identifier	m		1513	0					
ANR	2602	Identifier	mh		1513	1					
ANR	2603	Identifier	ncx_index		1513	1					
ANR	2604	Argument	buf		1513	1					
ANR	2605	Identifier	buf		1513	0					
ANR	2606	IfStatement	if ( isKF8 )		1513	62					
ANR	2607	Condition	isKF8	371:8:13734:13738	1513	0	True				
ANR	2608	Identifier	isKF8		1513	0					
ANR	2609	CompoundStatement		102:15:4522:4522	1513	1					
ANR	2610	ExpressionStatement	"mobi_buffer_dup32 ( & m -> mh -> fragment_index , buf )"	372:8:13751:13797	1513	0	True				
ANR	2611	CallExpression	"mobi_buffer_dup32 ( & m -> mh -> fragment_index , buf )"		1513	0					
ANR	2612	Callee	mobi_buffer_dup32		1513	0					
ANR	2613	Identifier	mobi_buffer_dup32		1513	0					
ANR	2614	ArgumentList	& m -> mh -> fragment_index		1513	1					
ANR	2615	Argument	& m -> mh -> fragment_index		1513	0					
ANR	2616	UnaryOperationExpression	& m -> mh -> fragment_index		1513	0					
ANR	2617	UnaryOperator	&		1513	0					
ANR	2618	PtrMemberAccess	m -> mh -> fragment_index		1513	1					
ANR	2619	PtrMemberAccess	m -> mh		1513	0					
ANR	2620	Identifier	m		1513	0					
ANR	2621	Identifier	mh		1513	1					
ANR	2622	Identifier	fragment_index		1513	1					
ANR	2623	Argument	buf		1513	1					
ANR	2624	Identifier	buf		1513	0					
ANR	2625	ExpressionStatement	"mobi_buffer_dup32 ( & m -> mh -> skeleton_index , buf )"	373:8:13807:13853	1513	1	True				
ANR	2626	CallExpression	"mobi_buffer_dup32 ( & m -> mh -> skeleton_index , buf )"		1513	0					
ANR	2627	Callee	mobi_buffer_dup32		1513	0					
ANR	2628	Identifier	mobi_buffer_dup32		1513	0					
ANR	2629	ArgumentList	& m -> mh -> skeleton_index		1513	1					
ANR	2630	Argument	& m -> mh -> skeleton_index		1513	0					
ANR	2631	UnaryOperationExpression	& m -> mh -> skeleton_index		1513	0					
ANR	2632	UnaryOperator	&		1513	0					
ANR	2633	PtrMemberAccess	m -> mh -> skeleton_index		1513	1					
ANR	2634	PtrMemberAccess	m -> mh		1513	0					
ANR	2635	Identifier	m		1513	0					
ANR	2636	Identifier	mh		1513	1					
ANR	2637	Identifier	skeleton_index		1513	1					
ANR	2638	Argument	buf		1513	1					
ANR	2639	Identifier	buf		1513	0					
ANR	2640	ElseStatement	else		1513	0					
ANR	2641	CompoundStatement		105:11:4647:4647	1513	0					
ANR	2642	ExpressionStatement	"mobi_buffer_dup32 ( & m -> mh -> unknown14 , buf )"	375:8:13876:13917	1513	0	True				
ANR	2643	CallExpression	"mobi_buffer_dup32 ( & m -> mh -> unknown14 , buf )"		1513	0					
ANR	2644	Callee	mobi_buffer_dup32		1513	0					
ANR	2645	Identifier	mobi_buffer_dup32		1513	0					
ANR	2646	ArgumentList	& m -> mh -> unknown14		1513	1					
ANR	2647	Argument	& m -> mh -> unknown14		1513	0					
ANR	2648	UnaryOperationExpression	& m -> mh -> unknown14		1513	0					
ANR	2649	UnaryOperator	&		1513	0					
ANR	2650	PtrMemberAccess	m -> mh -> unknown14		1513	1					
ANR	2651	PtrMemberAccess	m -> mh		1513	0					
ANR	2652	Identifier	m		1513	0					
ANR	2653	Identifier	mh		1513	1					
ANR	2654	Identifier	unknown14		1513	1					
ANR	2655	Argument	buf		1513	1					
ANR	2656	Identifier	buf		1513	0					
ANR	2657	ExpressionStatement	"mobi_buffer_dup32 ( & m -> mh -> unknown15 , buf )"	376:8:13927:13968	1513	1	True				
ANR	2658	CallExpression	"mobi_buffer_dup32 ( & m -> mh -> unknown15 , buf )"		1513	0					
ANR	2659	Callee	mobi_buffer_dup32		1513	0					
ANR	2660	Identifier	mobi_buffer_dup32		1513	0					
ANR	2661	ArgumentList	& m -> mh -> unknown15		1513	1					
ANR	2662	Argument	& m -> mh -> unknown15		1513	0					
ANR	2663	UnaryOperationExpression	& m -> mh -> unknown15		1513	0					
ANR	2664	UnaryOperator	&		1513	0					
ANR	2665	PtrMemberAccess	m -> mh -> unknown15		1513	1					
ANR	2666	PtrMemberAccess	m -> mh		1513	0					
ANR	2667	Identifier	m		1513	0					
ANR	2668	Identifier	mh		1513	1					
ANR	2669	Identifier	unknown15		1513	1					
ANR	2670	Argument	buf		1513	1					
ANR	2671	Identifier	buf		1513	0					
ANR	2672	ExpressionStatement	"mobi_buffer_dup32 ( & m -> mh -> datp_index , buf )"	378:4:13980:14022	1513	63	True				
ANR	2673	CallExpression	"mobi_buffer_dup32 ( & m -> mh -> datp_index , buf )"		1513	0					
ANR	2674	Callee	mobi_buffer_dup32		1513	0					
ANR	2675	Identifier	mobi_buffer_dup32		1513	0					
ANR	2676	ArgumentList	& m -> mh -> datp_index		1513	1					
ANR	2677	Argument	& m -> mh -> datp_index		1513	0					
ANR	2678	UnaryOperationExpression	& m -> mh -> datp_index		1513	0					
ANR	2679	UnaryOperator	&		1513	0					
ANR	2680	PtrMemberAccess	m -> mh -> datp_index		1513	1					
ANR	2681	PtrMemberAccess	m -> mh		1513	0					
ANR	2682	Identifier	m		1513	0					
ANR	2683	Identifier	mh		1513	1					
ANR	2684	Identifier	datp_index		1513	1					
ANR	2685	Argument	buf		1513	1					
ANR	2686	Identifier	buf		1513	0					
ANR	2687	IfStatement	if ( isKF8 )		1513	64					
ANR	2688	Condition	isKF8	379:8:14032:14036	1513	0	True				
ANR	2689	Identifier	isKF8		1513	0					
ANR	2690	CompoundStatement		110:15:4820:4820	1513	1					
ANR	2691	ExpressionStatement	"mobi_buffer_dup32 ( & m -> mh -> guide_index , buf )"	380:8:14049:14092	1513	0	True				
ANR	2692	CallExpression	"mobi_buffer_dup32 ( & m -> mh -> guide_index , buf )"		1513	0					
ANR	2693	Callee	mobi_buffer_dup32		1513	0					
ANR	2694	Identifier	mobi_buffer_dup32		1513	0					
ANR	2695	ArgumentList	& m -> mh -> guide_index		1513	1					
ANR	2696	Argument	& m -> mh -> guide_index		1513	0					
ANR	2697	UnaryOperationExpression	& m -> mh -> guide_index		1513	0					
ANR	2698	UnaryOperator	&		1513	0					
ANR	2699	PtrMemberAccess	m -> mh -> guide_index		1513	1					
ANR	2700	PtrMemberAccess	m -> mh		1513	0					
ANR	2701	Identifier	m		1513	0					
ANR	2702	Identifier	mh		1513	1					
ANR	2703	Identifier	guide_index		1513	1					
ANR	2704	Argument	buf		1513	1					
ANR	2705	Identifier	buf		1513	0					
ANR	2706	ElseStatement	else		1513	0					
ANR	2707	CompoundStatement		112:11:4886:4886	1513	0					
ANR	2708	ExpressionStatement	"mobi_buffer_dup32 ( & m -> mh -> unknown16 , buf )"	382:8:14115:14156	1513	0	True				
ANR	2709	CallExpression	"mobi_buffer_dup32 ( & m -> mh -> unknown16 , buf )"		1513	0					
ANR	2710	Callee	mobi_buffer_dup32		1513	0					
ANR	2711	Identifier	mobi_buffer_dup32		1513	0					
ANR	2712	ArgumentList	& m -> mh -> unknown16		1513	1					
ANR	2713	Argument	& m -> mh -> unknown16		1513	0					
ANR	2714	UnaryOperationExpression	& m -> mh -> unknown16		1513	0					
ANR	2715	UnaryOperator	&		1513	0					
ANR	2716	PtrMemberAccess	m -> mh -> unknown16		1513	1					
ANR	2717	PtrMemberAccess	m -> mh		1513	0					
ANR	2718	Identifier	m		1513	0					
ANR	2719	Identifier	mh		1513	1					
ANR	2720	Identifier	unknown16		1513	1					
ANR	2721	Argument	buf		1513	1					
ANR	2722	Identifier	buf		1513	0					
ANR	2723	ExpressionStatement	"mobi_buffer_dup32 ( & m -> mh -> unknown17 , buf )"	384:4:14168:14209	1513	65	True				
ANR	2724	CallExpression	"mobi_buffer_dup32 ( & m -> mh -> unknown17 , buf )"		1513	0					
ANR	2725	Callee	mobi_buffer_dup32		1513	0					
ANR	2726	Identifier	mobi_buffer_dup32		1513	0					
ANR	2727	ArgumentList	& m -> mh -> unknown17		1513	1					
ANR	2728	Argument	& m -> mh -> unknown17		1513	0					
ANR	2729	UnaryOperationExpression	& m -> mh -> unknown17		1513	0					
ANR	2730	UnaryOperator	&		1513	0					
ANR	2731	PtrMemberAccess	m -> mh -> unknown17		1513	1					
ANR	2732	PtrMemberAccess	m -> mh		1513	0					
ANR	2733	Identifier	m		1513	0					
ANR	2734	Identifier	mh		1513	1					
ANR	2735	Identifier	unknown17		1513	1					
ANR	2736	Argument	buf		1513	1					
ANR	2737	Identifier	buf		1513	0					
ANR	2738	ExpressionStatement	"mobi_buffer_dup32 ( & m -> mh -> unknown18 , buf )"	385:4:14215:14256	1513	66	True				
ANR	2739	CallExpression	"mobi_buffer_dup32 ( & m -> mh -> unknown18 , buf )"		1513	0					
ANR	2740	Callee	mobi_buffer_dup32		1513	0					
ANR	2741	Identifier	mobi_buffer_dup32		1513	0					
ANR	2742	ArgumentList	& m -> mh -> unknown18		1513	1					
ANR	2743	Argument	& m -> mh -> unknown18		1513	0					
ANR	2744	UnaryOperationExpression	& m -> mh -> unknown18		1513	0					
ANR	2745	UnaryOperator	&		1513	0					
ANR	2746	PtrMemberAccess	m -> mh -> unknown18		1513	1					
ANR	2747	PtrMemberAccess	m -> mh		1513	0					
ANR	2748	Identifier	m		1513	0					
ANR	2749	Identifier	mh		1513	1					
ANR	2750	Identifier	unknown18		1513	1					
ANR	2751	Argument	buf		1513	1					
ANR	2752	Identifier	buf		1513	0					
ANR	2753	ExpressionStatement	"mobi_buffer_dup32 ( & m -> mh -> unknown19 , buf )"	386:4:14262:14303	1513	67	True				
ANR	2754	CallExpression	"mobi_buffer_dup32 ( & m -> mh -> unknown19 , buf )"		1513	0					
ANR	2755	Callee	mobi_buffer_dup32		1513	0					
ANR	2756	Identifier	mobi_buffer_dup32		1513	0					
ANR	2757	ArgumentList	& m -> mh -> unknown19		1513	1					
ANR	2758	Argument	& m -> mh -> unknown19		1513	0					
ANR	2759	UnaryOperationExpression	& m -> mh -> unknown19		1513	0					
ANR	2760	UnaryOperator	&		1513	0					
ANR	2761	PtrMemberAccess	m -> mh -> unknown19		1513	1					
ANR	2762	PtrMemberAccess	m -> mh		1513	0					
ANR	2763	Identifier	m		1513	0					
ANR	2764	Identifier	mh		1513	1					
ANR	2765	Identifier	unknown19		1513	1					
ANR	2766	Argument	buf		1513	1					
ANR	2767	Identifier	buf		1513	0					
ANR	2768	ExpressionStatement	"mobi_buffer_dup32 ( & m -> mh -> unknown20 , buf )"	387:4:14309:14350	1513	68	True				
ANR	2769	CallExpression	"mobi_buffer_dup32 ( & m -> mh -> unknown20 , buf )"		1513	0					
ANR	2770	Callee	mobi_buffer_dup32		1513	0					
ANR	2771	Identifier	mobi_buffer_dup32		1513	0					
ANR	2772	ArgumentList	& m -> mh -> unknown20		1513	1					
ANR	2773	Argument	& m -> mh -> unknown20		1513	0					
ANR	2774	UnaryOperationExpression	& m -> mh -> unknown20		1513	0					
ANR	2775	UnaryOperator	&		1513	0					
ANR	2776	PtrMemberAccess	m -> mh -> unknown20		1513	1					
ANR	2777	PtrMemberAccess	m -> mh		1513	0					
ANR	2778	Identifier	m		1513	0					
ANR	2779	Identifier	mh		1513	1					
ANR	2780	Identifier	unknown20		1513	1					
ANR	2781	Argument	buf		1513	1					
ANR	2782	Identifier	buf		1513	0					
ANR	2783	IfStatement	if ( buf -> maxlen > buf -> offset )		1513	69					
ANR	2784	Condition	buf -> maxlen > buf -> offset	388:8:14360:14384	1513	0	True				
ANR	2785	RelationalExpression	buf -> maxlen > buf -> offset		1513	0		>			
ANR	2786	PtrMemberAccess	buf -> maxlen		1513	0					
ANR	2787	Identifier	buf		1513	0					
ANR	2788	Identifier	maxlen		1513	1					
ANR	2789	PtrMemberAccess	buf -> offset		1513	1					
ANR	2790	Identifier	buf		1513	0					
ANR	2791	Identifier	offset		1513	1					
ANR	2792	CompoundStatement		119:35:5168:5168	1513	1					
ANR	2793	ExpressionStatement	"debug_print ( ""Skipping %zu unknown bytes in MOBI header\\n"" , ( buf -> maxlen - buf -> offset ) )"	389:8:14397:14484	1513	0	True				
ANR	2794	CallExpression	"debug_print ( ""Skipping %zu unknown bytes in MOBI header\\n"" , ( buf -> maxlen - buf -> offset ) )"		1513	0					
ANR	2795	Callee	debug_print		1513	0					
ANR	2796	Identifier	debug_print		1513	0					
ANR	2797	ArgumentList	"""Skipping %zu unknown bytes in MOBI header\\n"""		1513	1					
ANR	2798	Argument	"""Skipping %zu unknown bytes in MOBI header\\n"""		1513	0					
ANR	2799	PrimaryExpression	"""Skipping %zu unknown bytes in MOBI header\\n"""		1513	0					
ANR	2800	Argument	buf -> maxlen - buf -> offset		1513	1					
ANR	2801	AdditiveExpression	buf -> maxlen - buf -> offset		1513	0		-			
ANR	2802	PtrMemberAccess	buf -> maxlen		1513	0					
ANR	2803	Identifier	buf		1513	0					
ANR	2804	Identifier	maxlen		1513	1					
ANR	2805	PtrMemberAccess	buf -> offset		1513	1					
ANR	2806	Identifier	buf		1513	0					
ANR	2807	Identifier	offset		1513	1					
ANR	2808	ExpressionStatement	"mobi_buffer_setpos ( buf , buf -> maxlen )"	390:8:14494:14530	1513	1	True				
ANR	2809	CallExpression	"mobi_buffer_setpos ( buf , buf -> maxlen )"		1513	0					
ANR	2810	Callee	mobi_buffer_setpos		1513	0					
ANR	2811	Identifier	mobi_buffer_setpos		1513	0					
ANR	2812	ArgumentList	buf		1513	1					
ANR	2813	Argument	buf		1513	0					
ANR	2814	Identifier	buf		1513	0					
ANR	2815	Argument	buf -> maxlen		1513	1					
ANR	2816	PtrMemberAccess	buf -> maxlen		1513	0					
ANR	2817	Identifier	buf		1513	0					
ANR	2818	Identifier	maxlen		1513	1					
ANR	2819	ExpressionStatement	buf -> maxlen = saved_maxlen	392:4:14542:14568	1513	70	True				
ANR	2820	AssignmentExpression	buf -> maxlen = saved_maxlen		1513	0		=			
ANR	2821	PtrMemberAccess	buf -> maxlen		1513	0					
ANR	2822	Identifier	buf		1513	0					
ANR	2823	Identifier	maxlen		1513	1					
ANR	2824	Identifier	saved_maxlen		1513	1					
ANR	2825	IfStatement	if ( m -> mh -> full_name_offset && m -> mh -> full_name_length )		1513	71					
ANR	2826	Condition	m -> mh -> full_name_offset && m -> mh -> full_name_length	394:8:14636:14685	1513	0	True				
ANR	2827	AndExpression	m -> mh -> full_name_offset && m -> mh -> full_name_length		1513	0		&&			
ANR	2828	PtrMemberAccess	m -> mh -> full_name_offset		1513	0					
ANR	2829	PtrMemberAccess	m -> mh		1513	0					
ANR	2830	Identifier	m		1513	0					
ANR	2831	Identifier	mh		1513	1					
ANR	2832	Identifier	full_name_offset		1513	1					
ANR	2833	PtrMemberAccess	m -> mh -> full_name_length		1513	1					
ANR	2834	PtrMemberAccess	m -> mh		1513	0					
ANR	2835	Identifier	m		1513	0					
ANR	2836	Identifier	mh		1513	1					
ANR	2837	Identifier	full_name_length		1513	1					
ANR	2838	CompoundStatement		127:8:5528:5611	1513	1					
ANR	2839	IdentifierDeclStatement	const size_t saved_offset = buf -> offset ;	395:8:14698:14737	1513	0	True				
ANR	2840	IdentifierDecl	saved_offset = buf -> offset		1513	0					
ANR	2841	IdentifierDeclType	const size_t		1513	0					
ANR	2842	Identifier	saved_offset		1513	1					
ANR	2843	AssignmentExpression	saved_offset = buf -> offset		1513	2		=			
ANR	2844	Identifier	saved_offset		1513	0					
ANR	2845	PtrMemberAccess	buf -> offset		1513	1					
ANR	2846	Identifier	buf		1513	0					
ANR	2847	Identifier	offset		1513	1					
ANR	2848	IdentifierDeclStatement	"const uint32_t full_name_length = min ( * m -> mh -> full_name_length , MOBI_TITLE_SIZEMAX ) ;"	396:8:14747:14830	1513	1	True				
ANR	2849	IdentifierDecl	"full_name_length = min ( * m -> mh -> full_name_length , MOBI_TITLE_SIZEMAX )"		1513	0					
ANR	2850	IdentifierDeclType	const uint32_t		1513	0					
ANR	2851	Identifier	full_name_length		1513	1					
ANR	2852	AssignmentExpression	"full_name_length = min ( * m -> mh -> full_name_length , MOBI_TITLE_SIZEMAX )"		1513	2		=			
ANR	2853	Identifier	full_name_length		1513	0					
ANR	2854	CallExpression	"min ( * m -> mh -> full_name_length , MOBI_TITLE_SIZEMAX )"		1513	1					
ANR	2855	Callee	min		1513	0					
ANR	2856	Identifier	min		1513	0					
ANR	2857	ArgumentList	* m -> mh -> full_name_length		1513	1					
ANR	2858	Argument	* m -> mh -> full_name_length		1513	0					
ANR	2859	UnaryOperationExpression	* m -> mh -> full_name_length		1513	0					
ANR	2860	UnaryOperator	*		1513	0					
ANR	2861	PtrMemberAccess	m -> mh -> full_name_length		1513	1					
ANR	2862	PtrMemberAccess	m -> mh		1513	0					
ANR	2863	Identifier	m		1513	0					
ANR	2864	Identifier	mh		1513	1					
ANR	2865	Identifier	full_name_length		1513	1					
ANR	2866	Argument	MOBI_TITLE_SIZEMAX		1513	1					
ANR	2867	Identifier	MOBI_TITLE_SIZEMAX		1513	0					
ANR	2868	ExpressionStatement	"mobi_buffer_setpos ( buf , * m -> mh -> full_name_offset )"	397:8:14840:14889	1513	2	True				
ANR	2869	CallExpression	"mobi_buffer_setpos ( buf , * m -> mh -> full_name_offset )"		1513	0					
ANR	2870	Callee	mobi_buffer_setpos		1513	0					
ANR	2871	Identifier	mobi_buffer_setpos		1513	0					
ANR	2872	ArgumentList	buf		1513	1					
ANR	2873	Argument	buf		1513	0					
ANR	2874	Identifier	buf		1513	0					
ANR	2875	Argument	* m -> mh -> full_name_offset		1513	1					
ANR	2876	UnaryOperationExpression	* m -> mh -> full_name_offset		1513	0					
ANR	2877	UnaryOperator	*		1513	0					
ANR	2878	PtrMemberAccess	m -> mh -> full_name_offset		1513	1					
ANR	2879	PtrMemberAccess	m -> mh		1513	0					
ANR	2880	Identifier	m		1513	0					
ANR	2881	Identifier	mh		1513	1					
ANR	2882	Identifier	full_name_offset		1513	1					
ANR	2883	ExpressionStatement	m -> mh -> full_name = malloc ( full_name_length + 1 )	398:8:14899:14946	1513	3	True				
ANR	2884	AssignmentExpression	m -> mh -> full_name = malloc ( full_name_length + 1 )		1513	0		=			
ANR	2885	PtrMemberAccess	m -> mh -> full_name		1513	0					
ANR	2886	PtrMemberAccess	m -> mh		1513	0					
ANR	2887	Identifier	m		1513	0					
ANR	2888	Identifier	mh		1513	1					
ANR	2889	Identifier	full_name		1513	1					
ANR	2890	CallExpression	malloc ( full_name_length + 1 )		1513	1					
ANR	2891	Callee	malloc		1513	0					
ANR	2892	Identifier	malloc		1513	0					
ANR	2893	ArgumentList	full_name_length + 1		1513	1					
ANR	2894	Argument	full_name_length + 1		1513	0					
ANR	2895	AdditiveExpression	full_name_length + 1		1513	0		+			
ANR	2896	Identifier	full_name_length		1513	0					
ANR	2897	PrimaryExpression	1		1513	1					
ANR	2898	IfStatement	if ( m -> mh -> full_name == NULL )		1513	4					
ANR	2899	Condition	m -> mh -> full_name == NULL	399:12:14960:14983	1513	0	True				
ANR	2900	EqualityExpression	m -> mh -> full_name == NULL		1513	0		==			
ANR	2901	PtrMemberAccess	m -> mh -> full_name		1513	0					
ANR	2902	PtrMemberAccess	m -> mh		1513	0					
ANR	2903	Identifier	m		1513	0					
ANR	2904	Identifier	mh		1513	1					
ANR	2905	Identifier	full_name		1513	1					
ANR	2906	Identifier	NULL		1513	1					
ANR	2907	CompoundStatement		130:38:5767:5767	1513	1					
ANR	2908	ExpressionStatement	"debug_print ( ""%s"" , ""Memory allocation for full name failed\\n"" )"	400:12:15000:15061	1513	0	True				
ANR	2909	CallExpression	"debug_print ( ""%s"" , ""Memory allocation for full name failed\\n"" )"		1513	0					
ANR	2910	Callee	debug_print		1513	0					
ANR	2911	Identifier	debug_print		1513	0					
ANR	2912	ArgumentList	"""%s"""		1513	1					
ANR	2913	Argument	"""%s"""		1513	0					
ANR	2914	PrimaryExpression	"""%s"""		1513	0					
ANR	2915	Argument	"""Memory allocation for full name failed\\n"""		1513	1					
ANR	2916	PrimaryExpression	"""Memory allocation for full name failed\\n"""		1513	0					
ANR	2917	ReturnStatement	return MOBI_MALLOC_FAILED ;	401:12:15075:15100	1513	1	True				
ANR	2918	Identifier	MOBI_MALLOC_FAILED		1513	0					
ANR	2919	IfStatement	if ( full_name_length )		1513	5					
ANR	2920	Condition	full_name_length	403:12:15124:15139	1513	0	True				
ANR	2921	Identifier	full_name_length		1513	0					
ANR	2922	CompoundStatement		134:30:5923:5923	1513	1					
ANR	2923	ExpressionStatement	"mobi_buffer_getstring ( m -> mh -> full_name , buf , full_name_length )"	404:12:15156:15218	1513	0	True				
ANR	2924	CallExpression	"mobi_buffer_getstring ( m -> mh -> full_name , buf , full_name_length )"		1513	0					
ANR	2925	Callee	mobi_buffer_getstring		1513	0					
ANR	2926	Identifier	mobi_buffer_getstring		1513	0					
ANR	2927	ArgumentList	m -> mh -> full_name		1513	1					
ANR	2928	Argument	m -> mh -> full_name		1513	0					
ANR	2929	PtrMemberAccess	m -> mh -> full_name		1513	0					
ANR	2930	PtrMemberAccess	m -> mh		1513	0					
ANR	2931	Identifier	m		1513	0					
ANR	2932	Identifier	mh		1513	1					
ANR	2933	Identifier	full_name		1513	1					
ANR	2934	Argument	buf		1513	1					
ANR	2935	Identifier	buf		1513	0					
ANR	2936	Argument	full_name_length		1513	2					
ANR	2937	Identifier	full_name_length		1513	0					
ANR	2938	ElseStatement	else		1513	0					
ANR	2939	CompoundStatement		136:15:6016:6016	1513	0					
ANR	2940	ExpressionStatement	m -> mh -> full_name [ 0 ] = '\\0'	406:12:15249:15275	1513	0	True				
ANR	2941	AssignmentExpression	m -> mh -> full_name [ 0 ] = '\\0'		1513	0		=			
ANR	2942	ArrayIndexing	m -> mh -> full_name [ 0 ]		1513	0					
ANR	2943	PtrMemberAccess	m -> mh -> full_name		1513	0					
ANR	2944	PtrMemberAccess	m -> mh		1513	0					
ANR	2945	Identifier	m		1513	0					
ANR	2946	Identifier	mh		1513	1					
ANR	2947	Identifier	full_name		1513	1					
ANR	2948	PrimaryExpression	0		1513	1					
ANR	2949	PrimaryExpression	'\\0'		1513	1					
ANR	2950	ExpressionStatement	"mobi_buffer_setpos ( buf , saved_offset )"	408:8:15295:15332	1513	6	True				
ANR	2951	CallExpression	"mobi_buffer_setpos ( buf , saved_offset )"		1513	0					
ANR	2952	Callee	mobi_buffer_setpos		1513	0					
ANR	2953	Identifier	mobi_buffer_setpos		1513	0					
ANR	2954	ArgumentList	buf		1513	1					
ANR	2955	Argument	buf		1513	0					
ANR	2956	Identifier	buf		1513	0					
ANR	2957	Argument	saved_offset		1513	1					
ANR	2958	Identifier	saved_offset		1513	0					
ANR	2959	ReturnStatement	return MOBI_SUCCESS ;	410:4:15344:15363	1513	72	True				
ANR	2960	Identifier	MOBI_SUCCESS		1513	0					
ANR	2961	ReturnType	MOBI_RET		1513	1					
ANR	2962	Identifier	mobi_parse_mobiheader		1513	2					
ANR	2963	ParameterList	"MOBIData * m , MOBIBuffer * buf"		1513	3					
ANR	2964	Parameter	MOBIData * m	270:31:9188:9198	1513	0	True				
ANR	2965	ParameterType	MOBIData *		1513	0					
ANR	2966	Identifier	m		1513	1					
ANR	2967	Parameter	MOBIBuffer * buf	270:44:9201:9215	1513	1	True				
ANR	2968	ParameterType	MOBIBuffer *		1513	0					
ANR	2969	Identifier	buf		1513	1					
ANR	2970	CFGEntryNode	ENTRY		1513		True				
ANR	2971	CFGExitNode	EXIT		1513		True				
ANR	2972	Symbol	& m -> mh -> fdst_index		1513						
ANR	2973	Symbol	* m -> mh -> text_encoding		1513						
ANR	2974	Symbol	mobi_buffer_get32		1513						
ANR	2975	Symbol	& m -> mh -> fcis_index		1513						
ANR	2976	Symbol	& m -> mh -> srcs_index		1513						
ANR	2977	Symbol	& m -> mh -> full_name_length		1513						
ANR	2978	Symbol	m -> mh -> full_name_length		1513						
ANR	2979	Symbol	left_length		1513						
ANR	2980	Symbol	& m -> mh -> version		1513						
ANR	2981	Symbol	& m -> mh -> locale		1513						
ANR	2982	Symbol	* buf		1513						
ANR	2983	Symbol	& m -> mh -> drm_size		1513						
ANR	2984	Symbol	m -> mh -> header_length		1513						
ANR	2985	Symbol	& m -> mh -> infl_index		1513						
ANR	2986	Symbol	isKF8		1513						
ANR	2987	Symbol	& m -> mh -> extra4_index		1513						
ANR	2988	Symbol	& m -> mh -> huff_rec_count		1513						
ANR	2989	Symbol	* * * m		1513						
ANR	2990	Symbol	* m -> mh -> version		1513						
ANR	2991	Symbol	& m -> mh -> extra1_index		1513						
ANR	2992	Symbol	& m -> mh -> dict_output_lang		1513						
ANR	2993	Symbol	buf -> offset		1513						
ANR	2994	Symbol	& m -> mh -> dict_input_lang		1513						
ANR	2995	Symbol	& m -> mh -> extra3_index		1513						
ANR	2996	Symbol	* m -> mh -> full_name		1513						
ANR	2997	Symbol	& m -> mh -> unknown12		1513						
ANR	2998	Symbol	& m -> mh -> flis_count		1513						
ANR	2999	Symbol	& m -> mh -> unknown11		1513						
ANR	3000	Symbol	& m -> mh -> unknown10		1513						
ANR	3001	Symbol	min		1513						
ANR	3002	Symbol	& m -> mh -> extra_flags		1513						
ANR	3003	Symbol	MOBI_MAGIC		1513						
ANR	3004	Symbol	& m -> mh -> names_index		1513						
ANR	3005	Symbol	* * m		1513						
ANR	3006	Symbol	& m -> mh -> drm_offset		1513						
ANR	3007	Symbol	malloc		1513						
ANR	3008	Symbol	& m -> mh -> image_index		1513						
ANR	3009	Symbol	& m -> mh -> extra2_index		1513						
ANR	3010	Symbol	& m -> mh -> fdst_section_count		1513						
ANR	3011	Symbol	& m -> mh -> non_text_index		1513						
ANR	3012	Symbol	m		1513						
ANR	3013	Symbol	& m -> mh -> full_name_offset		1513						
ANR	3014	Symbol	buf		1513						
ANR	3015	Symbol	& m -> mh -> unknown6		1513						
ANR	3016	Symbol	m -> mh -> text_encoding		1513						
ANR	3017	Symbol	& m -> mh -> keys_index		1513						
ANR	3018	Symbol	& m -> mh -> srcs_count		1513						
ANR	3019	Symbol	& m -> mh -> exth_flags		1513						
ANR	3020	Symbol	& m -> mh -> header_length		1513						
ANR	3021	Symbol	MOBI_SUCCESS		1513						
ANR	3022	Symbol	& m -> mh -> guide_index		1513						
ANR	3023	Symbol	m -> mh -> full_name_offset		1513						
ANR	3024	Symbol	& m -> mh -> mobi_type		1513						
ANR	3025	Symbol	& m -> mh -> skeleton_index		1513						
ANR	3026	Symbol	MOBI_CP1252		1513						
ANR	3027	Symbol	& m -> mh -> extra5_index		1513						
ANR	3028	Symbol	* m -> mh		1513						
ANR	3029	Symbol	buf -> maxlen		1513						
ANR	3030	Symbol	& m -> mh -> orth_index		1513						
ANR	3031	Symbol	strcmp		1513						
ANR	3032	Symbol	& m -> mh -> huff_rec_index		1513						
ANR	3033	Symbol	saved_offset		1513						
ANR	3034	Symbol	NULL		1513						
ANR	3035	Symbol	& m -> mh -> drm_flags		1513						
ANR	3036	Symbol	* m -> mh -> header_length		1513						
ANR	3037	Symbol	& m -> mh -> unknown19		1513						
ANR	3038	Symbol	saved_maxlen		1513						
ANR	3039	Symbol	& m -> mh -> unknown18		1513						
ANR	3040	Symbol	& m -> mh -> fragment_index		1513						
ANR	3041	Symbol	& m -> mh -> unknown17		1513						
ANR	3042	Symbol	encoding		1513						
ANR	3043	Symbol	& m -> mh -> drm_count		1513						
ANR	3044	Symbol	& m -> mh -> unknown16		1513						
ANR	3045	Symbol	& m -> mh -> unknown15		1513						
ANR	3046	Symbol	& m -> mh -> unknown14		1513						
ANR	3047	Symbol	& m -> mh -> unknown13		1513						
ANR	3048	Symbol	& m -> mh -> unknown20		1513						
ANR	3049	Symbol	header_length		1513						
ANR	3050	Symbol	& m -> mh -> min_version		1513						
ANR	3051	Symbol	* m -> mh -> full_name_offset		1513						
ANR	3052	Symbol	& m -> mh -> fcis_count		1513						
ANR	3053	Symbol	MOBI_HEADER_V7_SIZE		1513						
ANR	3054	Symbol	& m -> mh -> uid		1513						
ANR	3055	Symbol	MOBI_MALLOC_FAILED		1513						
ANR	3056	Symbol	& m -> mh -> flis_index		1513						
ANR	3057	Symbol	& m -> mh -> datp_index		1513						
ANR	3058	Symbol	MOBI_UTF8		1513						
ANR	3059	Symbol	* * m -> mh		1513						
ANR	3060	Symbol	m -> mh -> version		1513						
ANR	3061	Symbol	calloc		1513						
ANR	3062	Symbol	m -> mh		1513						
ANR	3063	Symbol	full_name_length		1513						
ANR	3064	Symbol	MOBI_INIT_FAILED		1513						
ANR	3065	Symbol	* m -> mh -> full_name_length		1513						
ANR	3066	Symbol	MOBI_TITLE_SIZEMAX		1513						
ANR	3067	Symbol	& m -> mh -> datp_rec_count		1513						
ANR	3068	Symbol	& m -> mh -> last_text_index		1513						
ANR	3069	Symbol	MOBI_DATA_CORRUPT		1513						
ANR	3070	Symbol	m -> mh -> mobi_magic		1513						
ANR	3071	Symbol	& m -> mh -> datp_rec_index		1513						
ANR	3072	Symbol	m -> mh -> full_name		1513						
ANR	3073	Symbol	& m -> mh -> extra0_index		1513						
ANR	3074	Symbol	& m -> mh -> ncx_index		1513						
ANR	3075	Symbol	* m		1513						
ANR	3076	Symbol	& m -> mh -> first_text_index		1513						
ANR	3077	Function	mobi_parse_record0	422:0:15697:17835							
ANR	3078	FunctionDef	"mobi_parse_record0 (MOBIData * m , const size_t seqnumber)"		3077	0					
ANR	3079	CompoundStatement		422:65:15762:17835	3077	0					
ANR	3080	IdentifierDeclStatement	MOBI_RET ret ;	423:4:15768:15780	3077	0	True				
ANR	3081	IdentifierDecl	ret		3077	0					
ANR	3082	IdentifierDeclType	MOBI_RET		3077	0					
ANR	3083	Identifier	ret		3077	1					
ANR	3084	IfStatement	if ( m == NULL )		3077	1					
ANR	3085	Condition	m == NULL	424:8:15790:15798	3077	0	True				
ANR	3086	EqualityExpression	m == NULL		3077	0		==			
ANR	3087	Identifier	m		3077	0					
ANR	3088	Identifier	NULL		3077	1					
ANR	3089	CompoundStatement		3:19:38:38	3077	1					
ANR	3090	ExpressionStatement	"debug_print ( ""%s"" , ""Mobi structure not initialized\\n"" )"	425:8:15811:15864	3077	0	True				
ANR	3091	CallExpression	"debug_print ( ""%s"" , ""Mobi structure not initialized\\n"" )"		3077	0					
ANR	3092	Callee	debug_print		3077	0					
ANR	3093	Identifier	debug_print		3077	0					
ANR	3094	ArgumentList	"""%s"""		3077	1					
ANR	3095	Argument	"""%s"""		3077	0					
ANR	3096	PrimaryExpression	"""%s"""		3077	0					
ANR	3097	Argument	"""Mobi structure not initialized\\n"""		3077	1					
ANR	3098	PrimaryExpression	"""Mobi structure not initialized\\n"""		3077	0					
ANR	3099	ReturnStatement	return MOBI_INIT_FAILED ;	426:8:15874:15897	3077	1	True				
ANR	3100	Identifier	MOBI_INIT_FAILED		3077	0					
ANR	3101	IdentifierDeclStatement	"const MOBIPdbRecord * record0 = mobi_get_record_by_seqnumber ( m , seqnumber ) ;"	428:4:15909:15982	3077	2	True				
ANR	3102	IdentifierDecl	"* record0 = mobi_get_record_by_seqnumber ( m , seqnumber )"		3077	0					
ANR	3103	IdentifierDeclType	const MOBIPdbRecord *		3077	0					
ANR	3104	Identifier	record0		3077	1					
ANR	3105	AssignmentExpression	"* record0 = mobi_get_record_by_seqnumber ( m , seqnumber )"		3077	2		=			
ANR	3106	Identifier	record0		3077	0					
ANR	3107	CallExpression	"mobi_get_record_by_seqnumber ( m , seqnumber )"		3077	1					
ANR	3108	Callee	mobi_get_record_by_seqnumber		3077	0					
ANR	3109	Identifier	mobi_get_record_by_seqnumber		3077	0					
ANR	3110	ArgumentList	m		3077	1					
ANR	3111	Argument	m		3077	0					
ANR	3112	Identifier	m		3077	0					
ANR	3113	Argument	seqnumber		3077	1					
ANR	3114	Identifier	seqnumber		3077	0					
ANR	3115	IfStatement	if ( record0 == NULL )		3077	3					
ANR	3116	Condition	record0 == NULL	429:8:15992:16006	3077	0	True				
ANR	3117	EqualityExpression	record0 == NULL		3077	0		==			
ANR	3118	Identifier	record0		3077	0					
ANR	3119	Identifier	NULL		3077	1					
ANR	3120	CompoundStatement		8:25:246:246	3077	1					
ANR	3121	ExpressionStatement	"debug_print ( ""%s"" , ""Record 0 not loaded\\n"" )"	430:8:16019:16061	3077	0	True				
ANR	3122	CallExpression	"debug_print ( ""%s"" , ""Record 0 not loaded\\n"" )"		3077	0					
ANR	3123	Callee	debug_print		3077	0					
ANR	3124	Identifier	debug_print		3077	0					
ANR	3125	ArgumentList	"""%s"""		3077	1					
ANR	3126	Argument	"""%s"""		3077	0					
ANR	3127	PrimaryExpression	"""%s"""		3077	0					
ANR	3128	Argument	"""Record 0 not loaded\\n"""		3077	1					
ANR	3129	PrimaryExpression	"""Record 0 not loaded\\n"""		3077	0					
ANR	3130	ReturnStatement	return MOBI_DATA_CORRUPT ;	431:8:16071:16095	3077	1	True				
ANR	3131	Identifier	MOBI_DATA_CORRUPT		3077	0					
ANR	3132	IfStatement	if ( record0 -> size < RECORD0_HEADER_LEN )		3077	4					
ANR	3133	Condition	record0 -> size < RECORD0_HEADER_LEN	433:8:16111:16144	3077	0	True				
ANR	3134	RelationalExpression	record0 -> size < RECORD0_HEADER_LEN		3077	0		<			
ANR	3135	PtrMemberAccess	record0 -> size		3077	0					
ANR	3136	Identifier	record0		3077	0					
ANR	3137	Identifier	size		3077	1					
ANR	3138	Identifier	RECORD0_HEADER_LEN		3077	1					
ANR	3139	CompoundStatement		12:44:384:384	3077	1					
ANR	3140	ExpressionStatement	"debug_print ( ""%s"" , ""Record 0 too short\\n"" )"	434:8:16157:16198	3077	0	True				
ANR	3141	CallExpression	"debug_print ( ""%s"" , ""Record 0 too short\\n"" )"		3077	0					
ANR	3142	Callee	debug_print		3077	0					
ANR	3143	Identifier	debug_print		3077	0					
ANR	3144	ArgumentList	"""%s"""		3077	1					
ANR	3145	Argument	"""%s"""		3077	0					
ANR	3146	PrimaryExpression	"""%s"""		3077	0					
ANR	3147	Argument	"""Record 0 too short\\n"""		3077	1					
ANR	3148	PrimaryExpression	"""Record 0 too short\\n"""		3077	0					
ANR	3149	ReturnStatement	return MOBI_DATA_CORRUPT ;	435:8:16208:16232	3077	1	True				
ANR	3150	Identifier	MOBI_DATA_CORRUPT		3077	0					
ANR	3151	IdentifierDeclStatement	"MOBIBuffer * buf = mobi_buffer_init_null ( record0 -> data , record0 -> size ) ;"	437:4:16244:16313	3077	5	True				
ANR	3152	IdentifierDecl	"* buf = mobi_buffer_init_null ( record0 -> data , record0 -> size )"		3077	0					
ANR	3153	IdentifierDeclType	MOBIBuffer *		3077	0					
ANR	3154	Identifier	buf		3077	1					
ANR	3155	AssignmentExpression	"* buf = mobi_buffer_init_null ( record0 -> data , record0 -> size )"		3077	2		=			
ANR	3156	Identifier	buf		3077	0					
ANR	3157	CallExpression	"mobi_buffer_init_null ( record0 -> data , record0 -> size )"		3077	1					
ANR	3158	Callee	mobi_buffer_init_null		3077	0					
ANR	3159	Identifier	mobi_buffer_init_null		3077	0					
ANR	3160	ArgumentList	record0 -> data		3077	1					
ANR	3161	Argument	record0 -> data		3077	0					
ANR	3162	PtrMemberAccess	record0 -> data		3077	0					
ANR	3163	Identifier	record0		3077	0					
ANR	3164	Identifier	data		3077	1					
ANR	3165	Argument	record0 -> size		3077	1					
ANR	3166	PtrMemberAccess	record0 -> size		3077	0					
ANR	3167	Identifier	record0		3077	0					
ANR	3168	Identifier	size		3077	1					
ANR	3169	IfStatement	if ( buf == NULL )		3077	6					
ANR	3170	Condition	buf == NULL	438:8:16323:16333	3077	0	True				
ANR	3171	EqualityExpression	buf == NULL		3077	0		==			
ANR	3172	Identifier	buf		3077	0					
ANR	3173	Identifier	NULL		3077	1					
ANR	3174	CompoundStatement		17:21:573:573	3077	1					
ANR	3175	ExpressionStatement	"debug_print ( ""%s\\n"" , ""Memory allocation failed"" )"	439:8:16346:16393	3077	0	True				
ANR	3176	CallExpression	"debug_print ( ""%s\\n"" , ""Memory allocation failed"" )"		3077	0					
ANR	3177	Callee	debug_print		3077	0					
ANR	3178	Identifier	debug_print		3077	0					
ANR	3179	ArgumentList	"""%s\\n"""		3077	1					
ANR	3180	Argument	"""%s\\n"""		3077	0					
ANR	3181	PrimaryExpression	"""%s\\n"""		3077	0					
ANR	3182	Argument	"""Memory allocation failed"""		3077	1					
ANR	3183	PrimaryExpression	"""Memory allocation failed"""		3077	0					
ANR	3184	ReturnStatement	return MOBI_MALLOC_FAILED ;	440:8:16403:16428	3077	1	True				
ANR	3185	Identifier	MOBI_MALLOC_FAILED		3077	0					
ANR	3186	ExpressionStatement	"m -> rh = calloc ( 1 , sizeof ( MOBIRecord0Header ) )"	442:4:16440:16484	3077	7	True				
ANR	3187	AssignmentExpression	"m -> rh = calloc ( 1 , sizeof ( MOBIRecord0Header ) )"		3077	0		=			
ANR	3188	PtrMemberAccess	m -> rh		3077	0					
ANR	3189	Identifier	m		3077	0					
ANR	3190	Identifier	rh		3077	1					
ANR	3191	CallExpression	"calloc ( 1 , sizeof ( MOBIRecord0Header ) )"		3077	1					
ANR	3192	Callee	calloc		3077	0					
ANR	3193	Identifier	calloc		3077	0					
ANR	3194	ArgumentList	1		3077	1					
ANR	3195	Argument	1		3077	0					
ANR	3196	PrimaryExpression	1		3077	0					
ANR	3197	Argument	sizeof ( MOBIRecord0Header )		3077	1					
ANR	3198	SizeofExpression	sizeof ( MOBIRecord0Header )		3077	0					
ANR	3199	Sizeof	sizeof		3077	0					
ANR	3200	SizeofOperand	MOBIRecord0Header		3077	1					
ANR	3201	IfStatement	if ( m -> rh == NULL )		3077	8					
ANR	3202	Condition	m -> rh == NULL	443:8:16494:16506	3077	0	True				
ANR	3203	EqualityExpression	m -> rh == NULL		3077	0		==			
ANR	3204	PtrMemberAccess	m -> rh		3077	0					
ANR	3205	Identifier	m		3077	0					
ANR	3206	Identifier	rh		3077	1					
ANR	3207	Identifier	NULL		3077	1					
ANR	3208	CompoundStatement		22:23:746:746	3077	1					
ANR	3209	ExpressionStatement	"debug_print ( ""%s"" , ""Memory allocation for record 0 header failed\\n"" )"	444:8:16519:16586	3077	0	True				
ANR	3210	CallExpression	"debug_print ( ""%s"" , ""Memory allocation for record 0 header failed\\n"" )"		3077	0					
ANR	3211	Callee	debug_print		3077	0					
ANR	3212	Identifier	debug_print		3077	0					
ANR	3213	ArgumentList	"""%s"""		3077	1					
ANR	3214	Argument	"""%s"""		3077	0					
ANR	3215	PrimaryExpression	"""%s"""		3077	0					
ANR	3216	Argument	"""Memory allocation for record 0 header failed\\n"""		3077	1					
ANR	3217	PrimaryExpression	"""Memory allocation for record 0 header failed\\n"""		3077	0					
ANR	3218	ExpressionStatement	mobi_buffer_free_null ( buf )	445:8:16596:16622	3077	1	True				
ANR	3219	CallExpression	mobi_buffer_free_null ( buf )		3077	0					
ANR	3220	Callee	mobi_buffer_free_null		3077	0					
ANR	3221	Identifier	mobi_buffer_free_null		3077	0					
ANR	3222	ArgumentList	buf		3077	1					
ANR	3223	Argument	buf		3077	0					
ANR	3224	Identifier	buf		3077	0					
ANR	3225	ReturnStatement	return MOBI_MALLOC_FAILED ;	446:8:16632:16657	3077	2	True				
ANR	3226	Identifier	MOBI_MALLOC_FAILED		3077	0					
ANR	3227	IdentifierDeclStatement	const uint16_t compression = mobi_buffer_get16 ( buf ) ;	449:4:16700:16751	3077	9	True				
ANR	3228	IdentifierDecl	compression = mobi_buffer_get16 ( buf )		3077	0					
ANR	3229	IdentifierDeclType	const uint16_t		3077	0					
ANR	3230	Identifier	compression		3077	1					
ANR	3231	AssignmentExpression	compression = mobi_buffer_get16 ( buf )		3077	2		=			
ANR	3232	Identifier	compression		3077	0					
ANR	3233	CallExpression	mobi_buffer_get16 ( buf )		3077	1					
ANR	3234	Callee	mobi_buffer_get16		3077	0					
ANR	3235	Identifier	mobi_buffer_get16		3077	0					
ANR	3236	ArgumentList	buf		3077	1					
ANR	3237	Argument	buf		3077	0					
ANR	3238	Identifier	buf		3077	0					
ANR	3239	ExpressionStatement	"mobi_buffer_seek ( buf , 2 )"	450:4:16757:16781	3077	10	True				
ANR	3240	CallExpression	"mobi_buffer_seek ( buf , 2 )"		3077	0					
ANR	3241	Callee	mobi_buffer_seek		3077	0					
ANR	3242	Identifier	mobi_buffer_seek		3077	0					
ANR	3243	ArgumentList	buf		3077	1					
ANR	3244	Argument	buf		3077	0					
ANR	3245	Identifier	buf		3077	0					
ANR	3246	Argument	2		3077	1					
ANR	3247	PrimaryExpression	2		3077	0					
ANR	3248	IfStatement	if ( ( compression != RECORD0_NO_COMPRESSION && compression != RECORD0_PALMDOC_COMPRESSION && compression != RECORD0_HUFF_COMPRESSION ) )		3077	11					
ANR	3249	Condition	compression != RECORD0_NO_COMPRESSION && compression != RECORD0_PALMDOC_COMPRESSION && compression != RECORD0_HUFF_COMPRESSION	451:8:16817:16962	3077	0	True				
ANR	3250	AndExpression	compression != RECORD0_NO_COMPRESSION && compression != RECORD0_PALMDOC_COMPRESSION && compression != RECORD0_HUFF_COMPRESSION		3077	0		&&			
ANR	3251	EqualityExpression	compression != RECORD0_NO_COMPRESSION		3077	0		!=			
ANR	3252	Identifier	compression		3077	0					
ANR	3253	Identifier	RECORD0_NO_COMPRESSION		3077	1					
ANR	3254	AndExpression	compression != RECORD0_PALMDOC_COMPRESSION && compression != RECORD0_HUFF_COMPRESSION		3077	1		&&			
ANR	3255	EqualityExpression	compression != RECORD0_PALMDOC_COMPRESSION		3077	0		!=			
ANR	3256	Identifier	compression		3077	0					
ANR	3257	Identifier	RECORD0_PALMDOC_COMPRESSION		3077	1					
ANR	3258	EqualityExpression	compression != RECORD0_HUFF_COMPRESSION		3077	1		!=			
ANR	3259	Identifier	compression		3077	0					
ANR	3260	Identifier	RECORD0_HUFF_COMPRESSION		3077	1					
ANR	3261	CompoundStatement		32:51:1202:1202	3077	1					
ANR	3262	ExpressionStatement	"debug_print ( ""Wrong record0 header: %c%c%c%c\\n"" , record0 -> data [ 0 ] , record0 -> data [ 1 ] , record0 -> data [ 2 ] , record0 -> data [ 3 ] )"	454:8:16975:17094	3077	0	True				
ANR	3263	CallExpression	"debug_print ( ""Wrong record0 header: %c%c%c%c\\n"" , record0 -> data [ 0 ] , record0 -> data [ 1 ] , record0 -> data [ 2 ] , record0 -> data [ 3 ] )"		3077	0					
ANR	3264	Callee	debug_print		3077	0					
ANR	3265	Identifier	debug_print		3077	0					
ANR	3266	ArgumentList	"""Wrong record0 header: %c%c%c%c\\n"""		3077	1					
ANR	3267	Argument	"""Wrong record0 header: %c%c%c%c\\n"""		3077	0					
ANR	3268	PrimaryExpression	"""Wrong record0 header: %c%c%c%c\\n"""		3077	0					
ANR	3269	Argument	record0 -> data [ 0 ]		3077	1					
ANR	3270	ArrayIndexing	record0 -> data [ 0 ]		3077	0					
ANR	3271	PtrMemberAccess	record0 -> data		3077	0					
ANR	3272	Identifier	record0		3077	0					
ANR	3273	Identifier	data		3077	1					
ANR	3274	PrimaryExpression	0		3077	1					
ANR	3275	Argument	record0 -> data [ 1 ]		3077	2					
ANR	3276	ArrayIndexing	record0 -> data [ 1 ]		3077	0					
ANR	3277	PtrMemberAccess	record0 -> data		3077	0					
ANR	3278	Identifier	record0		3077	0					
ANR	3279	Identifier	data		3077	1					
ANR	3280	PrimaryExpression	1		3077	1					
ANR	3281	Argument	record0 -> data [ 2 ]		3077	3					
ANR	3282	ArrayIndexing	record0 -> data [ 2 ]		3077	0					
ANR	3283	PtrMemberAccess	record0 -> data		3077	0					
ANR	3284	Identifier	record0		3077	0					
ANR	3285	Identifier	data		3077	1					
ANR	3286	PrimaryExpression	2		3077	1					
ANR	3287	Argument	record0 -> data [ 3 ]		3077	4					
ANR	3288	ArrayIndexing	record0 -> data [ 3 ]		3077	0					
ANR	3289	PtrMemberAccess	record0 -> data		3077	0					
ANR	3290	Identifier	record0		3077	0					
ANR	3291	Identifier	data		3077	1					
ANR	3292	PrimaryExpression	3		3077	1					
ANR	3293	ExpressionStatement	mobi_buffer_free_null ( buf )	455:8:17104:17130	3077	1	True				
ANR	3294	CallExpression	mobi_buffer_free_null ( buf )		3077	0					
ANR	3295	Callee	mobi_buffer_free_null		3077	0					
ANR	3296	Identifier	mobi_buffer_free_null		3077	0					
ANR	3297	ArgumentList	buf		3077	1					
ANR	3298	Argument	buf		3077	0					
ANR	3299	Identifier	buf		3077	0					
ANR	3300	ExpressionStatement	free ( m -> rh )	456:8:17140:17151	3077	2	True				
ANR	3301	CallExpression	free ( m -> rh )		3077	0					
ANR	3302	Callee	free		3077	0					
ANR	3303	Identifier	free		3077	0					
ANR	3304	ArgumentList	m -> rh		3077	1					
ANR	3305	Argument	m -> rh		3077	0					
ANR	3306	PtrMemberAccess	m -> rh		3077	0					
ANR	3307	Identifier	m		3077	0					
ANR	3308	Identifier	rh		3077	1					
ANR	3309	ExpressionStatement	m -> rh = NULL	457:8:17161:17173	3077	3	True				
ANR	3310	AssignmentExpression	m -> rh = NULL		3077	0		=			
ANR	3311	PtrMemberAccess	m -> rh		3077	0					
ANR	3312	Identifier	m		3077	0					
ANR	3313	Identifier	rh		3077	1					
ANR	3314	Identifier	NULL		3077	1					
ANR	3315	ReturnStatement	return MOBI_DATA_CORRUPT ;	458:8:17183:17207	3077	4	True				
ANR	3316	Identifier	MOBI_DATA_CORRUPT		3077	0					
ANR	3317	ExpressionStatement	m -> rh -> compression_type = compression	460:4:17219:17256	3077	12	True				
ANR	3318	AssignmentExpression	m -> rh -> compression_type = compression		3077	0		=			
ANR	3319	PtrMemberAccess	m -> rh -> compression_type		3077	0					
ANR	3320	PtrMemberAccess	m -> rh		3077	0					
ANR	3321	Identifier	m		3077	0					
ANR	3322	Identifier	rh		3077	1					
ANR	3323	Identifier	compression_type		3077	1					
ANR	3324	Identifier	compression		3077	1					
ANR	3325	ExpressionStatement	m -> rh -> text_length = mobi_buffer_get32 ( buf )	461:4:17262:17305	3077	13	True				
ANR	3326	AssignmentExpression	m -> rh -> text_length = mobi_buffer_get32 ( buf )		3077	0		=			
ANR	3327	PtrMemberAccess	m -> rh -> text_length		3077	0					
ANR	3328	PtrMemberAccess	m -> rh		3077	0					
ANR	3329	Identifier	m		3077	0					
ANR	3330	Identifier	rh		3077	1					
ANR	3331	Identifier	text_length		3077	1					
ANR	3332	CallExpression	mobi_buffer_get32 ( buf )		3077	1					
ANR	3333	Callee	mobi_buffer_get32		3077	0					
ANR	3334	Identifier	mobi_buffer_get32		3077	0					
ANR	3335	ArgumentList	buf		3077	1					
ANR	3336	Argument	buf		3077	0					
ANR	3337	Identifier	buf		3077	0					
ANR	3338	ExpressionStatement	m -> rh -> text_record_count = mobi_buffer_get16 ( buf )	462:4:17311:17360	3077	14	True				
ANR	3339	AssignmentExpression	m -> rh -> text_record_count = mobi_buffer_get16 ( buf )		3077	0		=			
ANR	3340	PtrMemberAccess	m -> rh -> text_record_count		3077	0					
ANR	3341	PtrMemberAccess	m -> rh		3077	0					
ANR	3342	Identifier	m		3077	0					
ANR	3343	Identifier	rh		3077	1					
ANR	3344	Identifier	text_record_count		3077	1					
ANR	3345	CallExpression	mobi_buffer_get16 ( buf )		3077	1					
ANR	3346	Callee	mobi_buffer_get16		3077	0					
ANR	3347	Identifier	mobi_buffer_get16		3077	0					
ANR	3348	ArgumentList	buf		3077	1					
ANR	3349	Argument	buf		3077	0					
ANR	3350	Identifier	buf		3077	0					
ANR	3351	ExpressionStatement	m -> rh -> text_record_size = mobi_buffer_get16 ( buf )	463:4:17366:17414	3077	15	True				
ANR	3352	AssignmentExpression	m -> rh -> text_record_size = mobi_buffer_get16 ( buf )		3077	0		=			
ANR	3353	PtrMemberAccess	m -> rh -> text_record_size		3077	0					
ANR	3354	PtrMemberAccess	m -> rh		3077	0					
ANR	3355	Identifier	m		3077	0					
ANR	3356	Identifier	rh		3077	1					
ANR	3357	Identifier	text_record_size		3077	1					
ANR	3358	CallExpression	mobi_buffer_get16 ( buf )		3077	1					
ANR	3359	Callee	mobi_buffer_get16		3077	0					
ANR	3360	Identifier	mobi_buffer_get16		3077	0					
ANR	3361	ArgumentList	buf		3077	1					
ANR	3362	Argument	buf		3077	0					
ANR	3363	Identifier	buf		3077	0					
ANR	3364	ExpressionStatement	m -> rh -> encryption_type = mobi_buffer_get16 ( buf )	464:4:17420:17467	3077	16	True				
ANR	3365	AssignmentExpression	m -> rh -> encryption_type = mobi_buffer_get16 ( buf )		3077	0		=			
ANR	3366	PtrMemberAccess	m -> rh -> encryption_type		3077	0					
ANR	3367	PtrMemberAccess	m -> rh		3077	0					
ANR	3368	Identifier	m		3077	0					
ANR	3369	Identifier	rh		3077	1					
ANR	3370	Identifier	encryption_type		3077	1					
ANR	3371	CallExpression	mobi_buffer_get16 ( buf )		3077	1					
ANR	3372	Callee	mobi_buffer_get16		3077	0					
ANR	3373	Identifier	mobi_buffer_get16		3077	0					
ANR	3374	ArgumentList	buf		3077	1					
ANR	3375	Argument	buf		3077	0					
ANR	3376	Identifier	buf		3077	0					
ANR	3377	ExpressionStatement	m -> rh -> unknown1 = mobi_buffer_get16 ( buf )	465:4:17473:17513	3077	17	True				
ANR	3378	AssignmentExpression	m -> rh -> unknown1 = mobi_buffer_get16 ( buf )		3077	0		=			
ANR	3379	PtrMemberAccess	m -> rh -> unknown1		3077	0					
ANR	3380	PtrMemberAccess	m -> rh		3077	0					
ANR	3381	Identifier	m		3077	0					
ANR	3382	Identifier	rh		3077	1					
ANR	3383	Identifier	unknown1		3077	1					
ANR	3384	CallExpression	mobi_buffer_get16 ( buf )		3077	1					
ANR	3385	Callee	mobi_buffer_get16		3077	0					
ANR	3386	Identifier	mobi_buffer_get16		3077	0					
ANR	3387	ArgumentList	buf		3077	1					
ANR	3388	Argument	buf		3077	0					
ANR	3389	Identifier	buf		3077	0					
ANR	3390	IfStatement	if ( mobi_is_mobipocket ( m ) )		3077	18					
ANR	3391	Condition	mobi_is_mobipocket ( m )	466:8:17523:17543	3077	0	True				
ANR	3392	CallExpression	mobi_is_mobipocket ( m )		3077	0					
ANR	3393	Callee	mobi_is_mobipocket		3077	0					
ANR	3394	Identifier	mobi_is_mobipocket		3077	0					
ANR	3395	ArgumentList	m		3077	1					
ANR	3396	Argument	m		3077	0					
ANR	3397	Identifier	m		3077	0					
ANR	3398	CompoundStatement		45:31:1783:1783	3077	1					
ANR	3399	ExpressionStatement	"ret = mobi_parse_mobiheader ( m , buf )"	468:8:17600:17635	3077	0	True				
ANR	3400	AssignmentExpression	"ret = mobi_parse_mobiheader ( m , buf )"		3077	0		=			
ANR	3401	Identifier	ret		3077	0					
ANR	3402	CallExpression	"mobi_parse_mobiheader ( m , buf )"		3077	1					
ANR	3403	Callee	mobi_parse_mobiheader		3077	0					
ANR	3404	Identifier	mobi_parse_mobiheader		3077	0					
ANR	3405	ArgumentList	m		3077	1					
ANR	3406	Argument	m		3077	0					
ANR	3407	Identifier	m		3077	0					
ANR	3408	Argument	buf		3077	1					
ANR	3409	Identifier	buf		3077	0					
ANR	3410	IfStatement	if ( ret == MOBI_SUCCESS )		3077	1					
ANR	3411	Condition	ret == MOBI_SUCCESS	469:12:17649:17667	3077	0	True				
ANR	3412	EqualityExpression	ret == MOBI_SUCCESS		3077	0		==			
ANR	3413	Identifier	ret		3077	0					
ANR	3414	Identifier	MOBI_SUCCESS		3077	1					
ANR	3415	CompoundStatement		48:33:1907:1907	3077	1					
ANR	3416	ExpressionStatement	"mobi_parse_extheader ( m , buf )"	471:12:17731:17759	3077	0	True				
ANR	3417	CallExpression	"mobi_parse_extheader ( m , buf )"		3077	0					
ANR	3418	Callee	mobi_parse_extheader		3077	0					
ANR	3419	Identifier	mobi_parse_extheader		3077	0					
ANR	3420	ArgumentList	m		3077	1					
ANR	3421	Argument	m		3077	0					
ANR	3422	Identifier	m		3077	0					
ANR	3423	Argument	buf		3077	1					
ANR	3424	Identifier	buf		3077	0					
ANR	3425	ExpressionStatement	mobi_buffer_free_null ( buf )	474:4:17782:17808	3077	19	True				
ANR	3426	CallExpression	mobi_buffer_free_null ( buf )		3077	0					
ANR	3427	Callee	mobi_buffer_free_null		3077	0					
ANR	3428	Identifier	mobi_buffer_free_null		3077	0					
ANR	3429	ArgumentList	buf		3077	1					
ANR	3430	Argument	buf		3077	0					
ANR	3431	Identifier	buf		3077	0					
ANR	3432	ReturnStatement	return MOBI_SUCCESS ;	475:4:17814:17833	3077	20	True				
ANR	3433	Identifier	MOBI_SUCCESS		3077	0					
ANR	3434	ReturnType	MOBI_RET		3077	1					
ANR	3435	Identifier	mobi_parse_record0		3077	2					
ANR	3436	ParameterList	"MOBIData * m , const size_t seqnumber"		3077	3					
ANR	3437	Parameter	MOBIData * m	422:28:15725:15735	3077	0	True				
ANR	3438	ParameterType	MOBIData *		3077	0					
ANR	3439	Identifier	m		3077	1					
ANR	3440	Parameter	const size_t seqnumber	422:41:15738:15759	3077	1	True				
ANR	3441	ParameterType	const size_t		3077	0					
ANR	3442	Identifier	seqnumber		3077	1					
ANR	3443	CFGEntryNode	ENTRY		3077		True				
ANR	3444	CFGExitNode	EXIT		3077		True				
ANR	3445	Symbol	RECORD0_HEADER_LEN		3077						
ANR	3446	Symbol	* m -> rh		3077						
ANR	3447	Symbol	mobi_buffer_get32		3077						
ANR	3448	Symbol	m -> rh -> text_record_count		3077						
ANR	3449	Symbol	record0 -> size		3077						
ANR	3450	Symbol	MOBI_SUCCESS		3077						
ANR	3451	Symbol	* * record0		3077						
ANR	3452	Symbol	mobi_buffer_init_null		3077						
ANR	3453	Symbol	calloc		3077						
ANR	3454	Symbol	m -> rh -> compression_type		3077						
ANR	3455	Symbol	MOBI_INIT_FAILED		3077						
ANR	3456	Symbol	mobi_is_mobipocket		3077						
ANR	3457	Symbol	RECORD0_HUFF_COMPRESSION		3077						
ANR	3458	Symbol	mobi_buffer_get16		3077						
ANR	3459	Symbol	* record0 -> data		3077						
ANR	3460	Symbol	* * m		3077						
ANR	3461	Symbol	ret		3077						
ANR	3462	Symbol	m -> rh -> text_length		3077						
ANR	3463	Symbol	m -> rh -> encryption_type		3077						
ANR	3464	Symbol	mobi_get_record_by_seqnumber		3077						
ANR	3465	Symbol	MOBI_DATA_CORRUPT		3077						
ANR	3466	Symbol	NULL		3077						
ANR	3467	Symbol	seqnumber		3077						
ANR	3468	Symbol	RECORD0_PALMDOC_COMPRESSION		3077						
ANR	3469	Symbol	m -> rh		3077						
ANR	3470	Symbol	m		3077						
ANR	3471	Symbol	mobi_parse_mobiheader		3077						
ANR	3472	Symbol	* record0		3077						
ANR	3473	Symbol	buf		3077						
ANR	3474	Symbol	RECORD0_NO_COMPRESSION		3077						
ANR	3475	Symbol	* m		3077						
ANR	3476	Symbol	record0		3077						
ANR	3477	Symbol	record0 -> data		3077						
ANR	3478	Symbol	m -> rh -> unknown1		3077						
ANR	3479	Symbol	compression		3077						
ANR	3480	Symbol	MOBI_MALLOC_FAILED		3077						
ANR	3481	Symbol	m -> rh -> text_record_size		3077						
ANR	3482	Function	mobi_get_record_extrasize	485:0:18096:19200							
ANR	3483	FunctionDef	"mobi_get_record_extrasize (const MOBIPdbRecord * record , const uint16_t flags)"		3482	0					
ANR	3484	CompoundStatement		485:84:18180:19200	3482	0					
ANR	3485	IdentifierDeclStatement	size_t extra_size = 0 ;	486:4:18186:18207	3482	0	True				
ANR	3486	IdentifierDecl	extra_size = 0		3482	0					
ANR	3487	IdentifierDeclType	size_t		3482	0					
ANR	3488	Identifier	extra_size		3482	1					
ANR	3489	AssignmentExpression	extra_size = 0		3482	2		=			
ANR	3490	Identifier	extra_size		3482	0					
ANR	3491	PrimaryExpression	0		3482	1					
ANR	3492	IdentifierDeclStatement	"MOBIBuffer * buf = mobi_buffer_init_null ( record -> data , record -> size ) ;"	487:4:18213:18280	3482	1	True				
ANR	3493	IdentifierDecl	"* buf = mobi_buffer_init_null ( record -> data , record -> size )"		3482	0					
ANR	3494	IdentifierDeclType	MOBIBuffer *		3482	0					
ANR	3495	Identifier	buf		3482	1					
ANR	3496	AssignmentExpression	"* buf = mobi_buffer_init_null ( record -> data , record -> size )"		3482	2		=			
ANR	3497	Identifier	buf		3482	0					
ANR	3498	CallExpression	"mobi_buffer_init_null ( record -> data , record -> size )"		3482	1					
ANR	3499	Callee	mobi_buffer_init_null		3482	0					
ANR	3500	Identifier	mobi_buffer_init_null		3482	0					
ANR	3501	ArgumentList	record -> data		3482	1					
ANR	3502	Argument	record -> data		3482	0					
ANR	3503	PtrMemberAccess	record -> data		3482	0					
ANR	3504	Identifier	record		3482	0					
ANR	3505	Identifier	data		3482	1					
ANR	3506	Argument	record -> size		3482	1					
ANR	3507	PtrMemberAccess	record -> size		3482	0					
ANR	3508	Identifier	record		3482	0					
ANR	3509	Identifier	size		3482	1					
ANR	3510	IfStatement	if ( buf == NULL )		3482	2					
ANR	3511	Condition	buf == NULL	488:8:18290:18300	3482	0	True				
ANR	3512	EqualityExpression	buf == NULL		3482	0		==			
ANR	3513	Identifier	buf		3482	0					
ANR	3514	Identifier	NULL		3482	1					
ANR	3515	CompoundStatement		4:21:122:122	3482	1					
ANR	3516	ExpressionStatement	"debug_print ( ""%s"" , ""Buffer init in extrasize failed\\n"" )"	489:8:18313:18367	3482	0	True				
ANR	3517	CallExpression	"debug_print ( ""%s"" , ""Buffer init in extrasize failed\\n"" )"		3482	0					
ANR	3518	Callee	debug_print		3482	0					
ANR	3519	Identifier	debug_print		3482	0					
ANR	3520	ArgumentList	"""%s"""		3482	1					
ANR	3521	Argument	"""%s"""		3482	0					
ANR	3522	PrimaryExpression	"""%s"""		3482	0					
ANR	3523	Argument	"""Buffer init in extrasize failed\\n"""		3482	1					
ANR	3524	PrimaryExpression	"""Buffer init in extrasize failed\\n"""		3482	0					
ANR	3525	ReturnStatement	return MOBI_NOTSET ;	490:8:18377:18395	3482	1	True				
ANR	3526	Identifier	MOBI_NOTSET		3482	0					
ANR	3527	ExpressionStatement	"mobi_buffer_setpos ( buf , buf -> maxlen - 1 )"	493:4:18459:18499	3482	3	True				
ANR	3528	CallExpression	"mobi_buffer_setpos ( buf , buf -> maxlen - 1 )"		3482	0					
ANR	3529	Callee	mobi_buffer_setpos		3482	0					
ANR	3530	Identifier	mobi_buffer_setpos		3482	0					
ANR	3531	ArgumentList	buf		3482	1					
ANR	3532	Argument	buf		3482	0					
ANR	3533	Identifier	buf		3482	0					
ANR	3534	Argument	buf -> maxlen - 1		3482	1					
ANR	3535	AdditiveExpression	buf -> maxlen - 1		3482	0		-			
ANR	3536	PtrMemberAccess	buf -> maxlen		3482	0					
ANR	3537	Identifier	buf		3482	0					
ANR	3538	Identifier	maxlen		3482	1					
ANR	3539	PrimaryExpression	1		3482	1					
ANR	3540	ForStatement	for ( int bit = 15 ; bit > 0 ; bit -- )		3482	4					
ANR	3541	ForInit	int bit = 15 ;	494:9:18510:18522	3482	0	True				
ANR	3542	IdentifierDeclStatement	int bit = 15 ;		3482	0					
ANR	3543	IdentifierDecl	bit = 15		3482	0					
ANR	3544	IdentifierDeclType	int		3482	0					
ANR	3545	Identifier	bit		3482	1					
ANR	3546	AssignmentExpression	bit = 15		3482	2		=			
ANR	3547	Identifier	bit		3482	0					
ANR	3548	PrimaryExpression	15		3482	1					
ANR	3549	Condition	bit > 0	494:23:18524:18530	3482	1	True				
ANR	3550	RelationalExpression	bit > 0		3482	0		>			
ANR	3551	Identifier	bit		3482	0					
ANR	3552	PrimaryExpression	0		3482	1					
ANR	3553	PostIncDecOperationExpression	bit --	494:32:18533:18537	3482	2	True				
ANR	3554	Identifier	bit		3482	0					
ANR	3555	IncDec	--		3482	1					
ANR	3556	CompoundStatement		10:39:359:359	3482	3					
ANR	3557	IfStatement	if ( flags & ( 1 << bit ) )		3482	0					
ANR	3558	Condition	flags & ( 1 << bit )	495:12:18554:18571	3482	0	True				
ANR	3559	BitAndExpression	flags & ( 1 << bit )		3482	0		&			
ANR	3560	Identifier	flags		3482	0					
ANR	3561	ShiftExpression	1 << bit		3482	1		<<			
ANR	3562	PrimaryExpression	1		3482	0					
ANR	3563	Identifier	bit		3482	1					
ANR	3564	CompoundStatement		15:12:528:587	3482	1					
ANR	3565	IdentifierDeclStatement	size_t len = 0 ;	497:12:18617:18631	3482	0	True				
ANR	3566	IdentifierDecl	len = 0		3482	0					
ANR	3567	IdentifierDeclType	size_t		3482	0					
ANR	3568	Identifier	len		3482	1					
ANR	3569	AssignmentExpression	len = 0		3482	2		=			
ANR	3570	Identifier	len		3482	0					
ANR	3571	PrimaryExpression	0		3482	1					
ANR	3572	IdentifierDeclStatement	"const uint32_t size = mobi_buffer_get_varlen_dec ( buf , & len ) ;"	499:12:18709:18768	3482	1	True				
ANR	3573	IdentifierDecl	"size = mobi_buffer_get_varlen_dec ( buf , & len )"		3482	0					
ANR	3574	IdentifierDeclType	const uint32_t		3482	0					
ANR	3575	Identifier	size		3482	1					
ANR	3576	AssignmentExpression	"size = mobi_buffer_get_varlen_dec ( buf , & len )"		3482	2		=			
ANR	3577	Identifier	size		3482	0					
ANR	3578	CallExpression	"mobi_buffer_get_varlen_dec ( buf , & len )"		3482	1					
ANR	3579	Callee	mobi_buffer_get_varlen_dec		3482	0					
ANR	3580	Identifier	mobi_buffer_get_varlen_dec		3482	0					
ANR	3581	ArgumentList	buf		3482	1					
ANR	3582	Argument	buf		3482	0					
ANR	3583	Identifier	buf		3482	0					
ANR	3584	Argument	& len		3482	1					
ANR	3585	UnaryOperationExpression	& len		3482	0					
ANR	3586	UnaryOperator	&		3482	0					
ANR	3587	Identifier	len		3482	1					
ANR	3588	ExpressionStatement	"mobi_buffer_seek ( buf , - ( int ) ( size - len ) )"	502:12:18866:18908	3482	2	True				
ANR	3589	CallExpression	"mobi_buffer_seek ( buf , - ( int ) ( size - len ) )"		3482	0					
ANR	3590	Callee	mobi_buffer_seek		3482	0					
ANR	3591	Identifier	mobi_buffer_seek		3482	0					
ANR	3592	ArgumentList	buf		3482	1					
ANR	3593	Argument	buf		3482	0					
ANR	3594	Identifier	buf		3482	0					
ANR	3595	Argument	- ( int ) ( size - len )		3482	1					
ANR	3596	UnaryOperationExpression	- ( int ) ( size - len )		3482	0					
ANR	3597	UnaryOperator	-		3482	0					
ANR	3598	CastExpression	( int ) ( size - len )		3482	1					
ANR	3599	CastTarget	int		3482	0					
ANR	3600	AdditiveExpression	size - len		3482	1		-			
ANR	3601	Identifier	size		3482	0					
ANR	3602	Identifier	len		3482	1					
ANR	3603	ExpressionStatement	extra_size += size	503:12:18922:18940	3482	3	True				
ANR	3604	AssignmentExpression	extra_size += size		3482	0		+=			
ANR	3605	Identifier	extra_size		3482	0					
ANR	3606	Identifier	size		3482	1					
ANR	3607	ExpressionStatement		505:5:18957:18957	3482	5	True				
ANR	3608	IfStatement	if ( flags & 1 )		3482	6					
ANR	3609	Condition	flags & 1	507:8:18989:18997	3482	0	True				
ANR	3610	BitAndExpression	flags & 1		3482	0		&			
ANR	3611	Identifier	flags		3482	0					
ANR	3612	PrimaryExpression	1		3482	1					
ANR	3613	CompoundStatement		24:12:833:872	3482	1					
ANR	3614	IdentifierDeclStatement	const uint8_t b = mobi_buffer_get8 ( buf ) ;	508:12:19014:19053	3482	0	True				
ANR	3615	IdentifierDecl	b = mobi_buffer_get8 ( buf )		3482	0					
ANR	3616	IdentifierDeclType	const uint8_t		3482	0					
ANR	3617	Identifier	b		3482	1					
ANR	3618	AssignmentExpression	b = mobi_buffer_get8 ( buf )		3482	2		=			
ANR	3619	Identifier	b		3482	0					
ANR	3620	CallExpression	mobi_buffer_get8 ( buf )		3482	1					
ANR	3621	Callee	mobi_buffer_get8		3482	0					
ANR	3622	Identifier	mobi_buffer_get8		3482	0					
ANR	3623	ArgumentList	buf		3482	1					
ANR	3624	Argument	buf		3482	0					
ANR	3625	Identifier	buf		3482	0					
ANR	3626	ExpressionStatement	extra_size += ( b & 0x3 ) + 1	510:12:19110:19137	3482	1	True				
ANR	3627	AssignmentExpression	extra_size += ( b & 0x3 ) + 1		3482	0		+=			
ANR	3628	Identifier	extra_size		3482	0					
ANR	3629	AdditiveExpression	( b & 0x3 ) + 1		3482	1		+			
ANR	3630	BitAndExpression	b & 0x3		3482	0		&			
ANR	3631	Identifier	b		3482	0					
ANR	3632	PrimaryExpression	0x3		3482	1					
ANR	3633	PrimaryExpression	1		3482	1					
ANR	3634	ExpressionStatement	mobi_buffer_free_null ( buf )	512:4:19149:19175	3482	7	True				
ANR	3635	CallExpression	mobi_buffer_free_null ( buf )		3482	0					
ANR	3636	Callee	mobi_buffer_free_null		3482	0					
ANR	3637	Identifier	mobi_buffer_free_null		3482	0					
ANR	3638	ArgumentList	buf		3482	1					
ANR	3639	Argument	buf		3482	0					
ANR	3640	Identifier	buf		3482	0					
ANR	3641	ReturnStatement	return extra_size ;	513:4:19181:19198	3482	8	True				
ANR	3642	Identifier	extra_size		3482	0					
ANR	3643	ReturnType	size_t		3482	1					
ANR	3644	Identifier	mobi_get_record_extrasize		3482	2					
ANR	3645	ParameterList	"const MOBIPdbRecord * record , const uint16_t flags"		3482	3					
ANR	3646	Parameter	const MOBIPdbRecord * record	485:33:18129:18155	3482	0	True				
ANR	3647	ParameterType	const MOBIPdbRecord *		3482	0					
ANR	3648	Identifier	record		3482	1					
ANR	3649	Parameter	const uint16_t flags	485:62:18158:18177	3482	1	True				
ANR	3650	ParameterType	const uint16_t		3482	0					
ANR	3651	Identifier	flags		3482	1					
ANR	3652	CFGEntryNode	ENTRY		3482		True				
ANR	3653	CFGExitNode	EXIT		3482		True				
ANR	3654	Symbol	* buf		3482						
ANR	3655	Symbol	b		3482						
ANR	3656	Symbol	extra_size		3482						
ANR	3657	Symbol	NULL		3482						
ANR	3658	Symbol	record -> size		3482						
ANR	3659	Symbol	mobi_buffer_get_varlen_dec		3482						
ANR	3660	Symbol	flags		3482						
ANR	3661	Symbol	mobi_buffer_init_null		3482						
ANR	3662	Symbol	bit		3482						
ANR	3663	Symbol	buf		3482						
ANR	3664	Symbol	len		3482						
ANR	3665	Symbol	size		3482						
ANR	3666	Symbol	record		3482						
ANR	3667	Symbol	record -> data		3482						
ANR	3668	Symbol	* record		3482						
ANR	3669	Symbol	mobi_buffer_get8		3482						
ANR	3670	Symbol	& len		3482						
ANR	3671	Symbol	MOBI_NOTSET		3482						
ANR	3672	Symbol	buf -> maxlen		3482						
ANR	3673	Function	mobi_get_record_mb_extrasize	523:0:19473:20627							
ANR	3674	FunctionDef	"mobi_get_record_mb_extrasize (const MOBIPdbRecord * record , const uint16_t flags)"		3673	0					
ANR	3675	CompoundStatement		523:87:19560:20627	3673	0					
ANR	3676	IdentifierDeclStatement	size_t extra_size = 0 ;	524:4:19566:19587	3673	0	True				
ANR	3677	IdentifierDecl	extra_size = 0		3673	0					
ANR	3678	IdentifierDeclType	size_t		3673	0					
ANR	3679	Identifier	extra_size		3673	1					
ANR	3680	AssignmentExpression	extra_size = 0		3673	2		=			
ANR	3681	Identifier	extra_size		3673	0					
ANR	3682	PrimaryExpression	0		3673	1					
ANR	3683	IfStatement	if ( flags & 1 )		3673	1					
ANR	3684	Condition	flags & 1	525:8:19597:19605	3673	0	True				
ANR	3685	BitAndExpression	flags & 1		3673	0		&			
ANR	3686	Identifier	flags		3673	0					
ANR	3687	PrimaryExpression	1		3673	1					
ANR	3688	CompoundStatement		23:8:884:923	3673	1					
ANR	3689	IdentifierDeclStatement	"MOBIBuffer * buf = mobi_buffer_init_null ( record -> data , record -> size ) ;"	526:8:19618:19685	3673	0	True				
ANR	3690	IdentifierDecl	"* buf = mobi_buffer_init_null ( record -> data , record -> size )"		3673	0					
ANR	3691	IdentifierDeclType	MOBIBuffer *		3673	0					
ANR	3692	Identifier	buf		3673	1					
ANR	3693	AssignmentExpression	"* buf = mobi_buffer_init_null ( record -> data , record -> size )"		3673	2		=			
ANR	3694	Identifier	buf		3673	0					
ANR	3695	CallExpression	"mobi_buffer_init_null ( record -> data , record -> size )"		3673	1					
ANR	3696	Callee	mobi_buffer_init_null		3673	0					
ANR	3697	Identifier	mobi_buffer_init_null		3673	0					
ANR	3698	ArgumentList	record -> data		3673	1					
ANR	3699	Argument	record -> data		3673	0					
ANR	3700	PtrMemberAccess	record -> data		3673	0					
ANR	3701	Identifier	record		3673	0					
ANR	3702	Identifier	data		3673	1					
ANR	3703	Argument	record -> size		3673	1					
ANR	3704	PtrMemberAccess	record -> size		3673	0					
ANR	3705	Identifier	record		3673	0					
ANR	3706	Identifier	size		3673	1					
ANR	3707	IfStatement	if ( buf == NULL )		3673	1					
ANR	3708	Condition	buf == NULL	527:12:19699:19709	3673	0	True				
ANR	3709	EqualityExpression	buf == NULL		3673	0		==			
ANR	3710	Identifier	buf		3673	0					
ANR	3711	Identifier	NULL		3673	1					
ANR	3712	CompoundStatement		5:25:151:151	3673	1					
ANR	3713	ExpressionStatement	"debug_print ( ""%s"" , ""Buffer init in extrasize failed\\n"" )"	528:12:19726:19780	3673	0	True				
ANR	3714	CallExpression	"debug_print ( ""%s"" , ""Buffer init in extrasize failed\\n"" )"		3673	0					
ANR	3715	Callee	debug_print		3673	0					
ANR	3716	Identifier	debug_print		3673	0					
ANR	3717	ArgumentList	"""%s"""		3673	1					
ANR	3718	Argument	"""%s"""		3673	0					
ANR	3719	PrimaryExpression	"""%s"""		3673	0					
ANR	3720	Argument	"""Buffer init in extrasize failed\\n"""		3673	1					
ANR	3721	PrimaryExpression	"""Buffer init in extrasize failed\\n"""		3673	0					
ANR	3722	ReturnStatement	return MOBI_NOTSET ;	529:12:19794:19812	3673	1	True				
ANR	3723	Identifier	MOBI_NOTSET		3673	0					
ANR	3724	ExpressionStatement	"mobi_buffer_setpos ( buf , buf -> maxlen - 1 )"	532:8:19888:19928	3673	2	True				
ANR	3725	CallExpression	"mobi_buffer_setpos ( buf , buf -> maxlen - 1 )"		3673	0					
ANR	3726	Callee	mobi_buffer_setpos		3673	0					
ANR	3727	Identifier	mobi_buffer_setpos		3673	0					
ANR	3728	ArgumentList	buf		3673	1					
ANR	3729	Argument	buf		3673	0					
ANR	3730	Identifier	buf		3673	0					
ANR	3731	Argument	buf -> maxlen - 1		3673	1					
ANR	3732	AdditiveExpression	buf -> maxlen - 1		3673	0		-			
ANR	3733	PtrMemberAccess	buf -> maxlen		3673	0					
ANR	3734	Identifier	buf		3673	0					
ANR	3735	Identifier	maxlen		3673	1					
ANR	3736	PrimaryExpression	1		3673	1					
ANR	3737	ForStatement	for ( int bit = 15 ; bit > 0 ; bit -- )		3673	3					
ANR	3738	ForInit	int bit = 15 ;	533:13:19943:19955	3673	0	True				
ANR	3739	IdentifierDeclStatement	int bit = 15 ;		3673	0					
ANR	3740	IdentifierDecl	bit = 15		3673	0					
ANR	3741	IdentifierDeclType	int		3673	0					
ANR	3742	Identifier	bit		3673	1					
ANR	3743	AssignmentExpression	bit = 15		3673	2		=			
ANR	3744	Identifier	bit		3673	0					
ANR	3745	PrimaryExpression	15		3673	1					
ANR	3746	Condition	bit > 0	533:27:19957:19963	3673	1	True				
ANR	3747	RelationalExpression	bit > 0		3673	0		>			
ANR	3748	Identifier	bit		3673	0					
ANR	3749	PrimaryExpression	0		3673	1					
ANR	3750	PostIncDecOperationExpression	bit --	533:36:19966:19970	3673	2	True				
ANR	3751	Identifier	bit		3673	0					
ANR	3752	IncDec	--		3673	1					
ANR	3753	CompoundStatement		11:43:412:412	3673	3					
ANR	3754	IfStatement	if ( flags & ( 1 << bit ) )		3673	0					
ANR	3755	Condition	flags & ( 1 << bit )	534:16:19991:20008	3673	0	True				
ANR	3756	BitAndExpression	flags & ( 1 << bit )		3673	0		&			
ANR	3757	Identifier	flags		3673	0					
ANR	3758	ShiftExpression	1 << bit		3673	1		<<			
ANR	3759	PrimaryExpression	1		3673	0					
ANR	3760	Identifier	bit		3673	1					
ANR	3761	CompoundStatement		16:16:601:660	3673	1					
ANR	3762	IdentifierDeclStatement	size_t len = 0 ;	536:16:20062:20076	3673	0	True				
ANR	3763	IdentifierDecl	len = 0		3673	0					
ANR	3764	IdentifierDeclType	size_t		3673	0					
ANR	3765	Identifier	len		3673	1					
ANR	3766	AssignmentExpression	len = 0		3673	2		=			
ANR	3767	Identifier	len		3673	0					
ANR	3768	PrimaryExpression	0		3673	1					
ANR	3769	IdentifierDeclStatement	"const uint32_t size = mobi_buffer_get_varlen_dec ( buf , & len ) ;"	538:16:20162:20221	3673	1	True				
ANR	3770	IdentifierDecl	"size = mobi_buffer_get_varlen_dec ( buf , & len )"		3673	0					
ANR	3771	IdentifierDeclType	const uint32_t		3673	0					
ANR	3772	Identifier	size		3673	1					
ANR	3773	AssignmentExpression	"size = mobi_buffer_get_varlen_dec ( buf , & len )"		3673	2		=			
ANR	3774	Identifier	size		3673	0					
ANR	3775	CallExpression	"mobi_buffer_get_varlen_dec ( buf , & len )"		3673	1					
ANR	3776	Callee	mobi_buffer_get_varlen_dec		3673	0					
ANR	3777	Identifier	mobi_buffer_get_varlen_dec		3673	0					
ANR	3778	ArgumentList	buf		3673	1					
ANR	3779	Argument	buf		3673	0					
ANR	3780	Identifier	buf		3673	0					
ANR	3781	Argument	& len		3673	1					
ANR	3782	UnaryOperationExpression	& len		3673	0					
ANR	3783	UnaryOperator	&		3673	0					
ANR	3784	Identifier	len		3673	1					
ANR	3785	ExpressionStatement	"mobi_buffer_seek ( buf , - ( int ) ( size - len ) )"	541:16:20331:20373	3673	2	True				
ANR	3786	CallExpression	"mobi_buffer_seek ( buf , - ( int ) ( size - len ) )"		3673	0					
ANR	3787	Callee	mobi_buffer_seek		3673	0					
ANR	3788	Identifier	mobi_buffer_seek		3673	0					
ANR	3789	ArgumentList	buf		3673	1					
ANR	3790	Argument	buf		3673	0					
ANR	3791	Identifier	buf		3673	0					
ANR	3792	Argument	- ( int ) ( size - len )		3673	1					
ANR	3793	UnaryOperationExpression	- ( int ) ( size - len )		3673	0					
ANR	3794	UnaryOperator	-		3673	0					
ANR	3795	CastExpression	( int ) ( size - len )		3673	1					
ANR	3796	CastTarget	int		3673	0					
ANR	3797	AdditiveExpression	size - len		3673	1		-			
ANR	3798	Identifier	size		3673	0					
ANR	3799	Identifier	len		3673	1					
ANR	3800	ExpressionStatement		543:9:20398:20398	3673	4	True				
ANR	3801	IdentifierDeclStatement	const uint8_t b = mobi_buffer_get8 ( buf ) ;	545:8:20445:20484	3673	5	True				
ANR	3802	IdentifierDecl	b = mobi_buffer_get8 ( buf )		3673	0					
ANR	3803	IdentifierDeclType	const uint8_t		3673	0					
ANR	3804	Identifier	b		3673	1					
ANR	3805	AssignmentExpression	b = mobi_buffer_get8 ( buf )		3673	2		=			
ANR	3806	Identifier	b		3673	0					
ANR	3807	CallExpression	mobi_buffer_get8 ( buf )		3673	1					
ANR	3808	Callee	mobi_buffer_get8		3673	0					
ANR	3809	Identifier	mobi_buffer_get8		3673	0					
ANR	3810	ArgumentList	buf		3673	1					
ANR	3811	Argument	buf		3673	0					
ANR	3812	Identifier	buf		3673	0					
ANR	3813	ExpressionStatement	extra_size += ( b & 0x3 ) + 1	547:8:20533:20560	3673	6	True				
ANR	3814	AssignmentExpression	extra_size += ( b & 0x3 ) + 1		3673	0		+=			
ANR	3815	Identifier	extra_size		3673	0					
ANR	3816	AdditiveExpression	( b & 0x3 ) + 1		3673	1		+			
ANR	3817	BitAndExpression	b & 0x3		3673	0		&			
ANR	3818	Identifier	b		3673	0					
ANR	3819	PrimaryExpression	0x3		3673	1					
ANR	3820	PrimaryExpression	1		3673	1					
ANR	3821	ExpressionStatement	mobi_buffer_free_null ( buf )	548:8:20570:20596	3673	7	True				
ANR	3822	CallExpression	mobi_buffer_free_null ( buf )		3673	0					
ANR	3823	Callee	mobi_buffer_free_null		3673	0					
ANR	3824	Identifier	mobi_buffer_free_null		3673	0					
ANR	3825	ArgumentList	buf		3673	1					
ANR	3826	Argument	buf		3673	0					
ANR	3827	Identifier	buf		3673	0					
ANR	3828	ReturnStatement	return extra_size ;	550:4:20608:20625	3673	2	True				
ANR	3829	Identifier	extra_size		3673	0					
ANR	3830	ReturnType	size_t		3673	1					
ANR	3831	Identifier	mobi_get_record_mb_extrasize		3673	2					
ANR	3832	ParameterList	"const MOBIPdbRecord * record , const uint16_t flags"		3673	3					
ANR	3833	Parameter	const MOBIPdbRecord * record	523:36:19509:19535	3673	0	True				
ANR	3834	ParameterType	const MOBIPdbRecord *		3673	0					
ANR	3835	Identifier	record		3673	1					
ANR	3836	Parameter	const uint16_t flags	523:65:19538:19557	3673	1	True				
ANR	3837	ParameterType	const uint16_t		3673	0					
ANR	3838	Identifier	flags		3673	1					
ANR	3839	CFGEntryNode	ENTRY		3673		True				
ANR	3840	CFGExitNode	EXIT		3673		True				
ANR	3841	Symbol	* buf		3673						
ANR	3842	Symbol	b		3673						
ANR	3843	Symbol	extra_size		3673						
ANR	3844	Symbol	NULL		3673						
ANR	3845	Symbol	record -> size		3673						
ANR	3846	Symbol	mobi_buffer_get_varlen_dec		3673						
ANR	3847	Symbol	flags		3673						
ANR	3848	Symbol	mobi_buffer_init_null		3673						
ANR	3849	Symbol	bit		3673						
ANR	3850	Symbol	buf		3673						
ANR	3851	Symbol	len		3673						
ANR	3852	Symbol	size		3673						
ANR	3853	Symbol	record		3673						
ANR	3854	Symbol	record -> data		3673						
ANR	3855	Symbol	* record		3673						
ANR	3856	Symbol	mobi_buffer_get8		3673						
ANR	3857	Symbol	& len		3673						
ANR	3858	Symbol	MOBI_NOTSET		3673						
ANR	3859	Symbol	buf -> maxlen		3673						
ANR	3860	Function	mobi_parse_huff	560:0:20893:22759							
ANR	3861	FunctionDef	"mobi_parse_huff (MOBIHuffCdic * huffcdic , const MOBIPdbRecord * record)"		3860	0					
ANR	3862	CompoundStatement		560:78:20971:22759	3860	0					
ANR	3863	IdentifierDeclStatement	"MOBIBuffer * buf = mobi_buffer_init_null ( record -> data , record -> size ) ;"	561:4:20977:21044	3860	0	True				
ANR	3864	IdentifierDecl	"* buf = mobi_buffer_init_null ( record -> data , record -> size )"		3860	0					
ANR	3865	IdentifierDeclType	MOBIBuffer *		3860	0					
ANR	3866	Identifier	buf		3860	1					
ANR	3867	AssignmentExpression	"* buf = mobi_buffer_init_null ( record -> data , record -> size )"		3860	2		=			
ANR	3868	Identifier	buf		3860	0					
ANR	3869	CallExpression	"mobi_buffer_init_null ( record -> data , record -> size )"		3860	1					
ANR	3870	Callee	mobi_buffer_init_null		3860	0					
ANR	3871	Identifier	mobi_buffer_init_null		3860	0					
ANR	3872	ArgumentList	record -> data		3860	1					
ANR	3873	Argument	record -> data		3860	0					
ANR	3874	PtrMemberAccess	record -> data		3860	0					
ANR	3875	Identifier	record		3860	0					
ANR	3876	Identifier	data		3860	1					
ANR	3877	Argument	record -> size		3860	1					
ANR	3878	PtrMemberAccess	record -> size		3860	0					
ANR	3879	Identifier	record		3860	0					
ANR	3880	Identifier	size		3860	1					
ANR	3881	IfStatement	if ( buf == NULL )		3860	1					
ANR	3882	Condition	buf == NULL	562:8:21054:21064	3860	0	True				
ANR	3883	EqualityExpression	buf == NULL		3860	0		==			
ANR	3884	Identifier	buf		3860	0					
ANR	3885	Identifier	NULL		3860	1					
ANR	3886	CompoundStatement		3:21:95:95	3860	1					
ANR	3887	ExpressionStatement	"debug_print ( ""%s\\n"" , ""Memory allocation failed"" )"	563:8:21077:21124	3860	0	True				
ANR	3888	CallExpression	"debug_print ( ""%s\\n"" , ""Memory allocation failed"" )"		3860	0					
ANR	3889	Callee	debug_print		3860	0					
ANR	3890	Identifier	debug_print		3860	0					
ANR	3891	ArgumentList	"""%s\\n"""		3860	1					
ANR	3892	Argument	"""%s\\n"""		3860	0					
ANR	3893	PrimaryExpression	"""%s\\n"""		3860	0					
ANR	3894	Argument	"""Memory allocation failed"""		3860	1					
ANR	3895	PrimaryExpression	"""Memory allocation failed"""		3860	0					
ANR	3896	ReturnStatement	return MOBI_MALLOC_FAILED ;	564:8:21134:21159	3860	1	True				
ANR	3897	Identifier	MOBI_MALLOC_FAILED		3860	0					
ANR	3898	IdentifierDeclStatement	char huff_magic [ 5 ] ;	566:4:21171:21189	3860	2	True				
ANR	3899	IdentifierDecl	huff_magic [ 5 ]		3860	0					
ANR	3900	IdentifierDeclType	char [ 5 ]		3860	0					
ANR	3901	Identifier	huff_magic		3860	1					
ANR	3902	PrimaryExpression	5		3860	2					
ANR	3903	ExpressionStatement	"mobi_buffer_getstring ( huff_magic , buf , 4 )"	567:4:21195:21236	3860	3	True				
ANR	3904	CallExpression	"mobi_buffer_getstring ( huff_magic , buf , 4 )"		3860	0					
ANR	3905	Callee	mobi_buffer_getstring		3860	0					
ANR	3906	Identifier	mobi_buffer_getstring		3860	0					
ANR	3907	ArgumentList	huff_magic		3860	1					
ANR	3908	Argument	huff_magic		3860	0					
ANR	3909	Identifier	huff_magic		3860	0					
ANR	3910	Argument	buf		3860	1					
ANR	3911	Identifier	buf		3860	0					
ANR	3912	Argument	4		3860	2					
ANR	3913	PrimaryExpression	4		3860	0					
ANR	3914	IdentifierDeclStatement	const size_t header_length = mobi_buffer_get32 ( buf ) ;	568:4:21242:21293	3860	4	True				
ANR	3915	IdentifierDecl	header_length = mobi_buffer_get32 ( buf )		3860	0					
ANR	3916	IdentifierDeclType	const size_t		3860	0					
ANR	3917	Identifier	header_length		3860	1					
ANR	3918	AssignmentExpression	header_length = mobi_buffer_get32 ( buf )		3860	2		=			
ANR	3919	Identifier	header_length		3860	0					
ANR	3920	CallExpression	mobi_buffer_get32 ( buf )		3860	1					
ANR	3921	Callee	mobi_buffer_get32		3860	0					
ANR	3922	Identifier	mobi_buffer_get32		3860	0					
ANR	3923	ArgumentList	buf		3860	1					
ANR	3924	Argument	buf		3860	0					
ANR	3925	Identifier	buf		3860	0					
ANR	3926	IfStatement	"if ( strncmp ( huff_magic , HUFF_MAGIC , 4 ) != 0 || header_length < HUFF_HEADER_LEN )"		3860	5					
ANR	3927	Condition	"strncmp ( huff_magic , HUFF_MAGIC , 4 ) != 0 || header_length < HUFF_HEADER_LEN"	569:8:21303:21376	3860	0	True				
ANR	3928	OrExpression	"strncmp ( huff_magic , HUFF_MAGIC , 4 ) != 0 || header_length < HUFF_HEADER_LEN"		3860	0		||			
ANR	3929	EqualityExpression	"strncmp ( huff_magic , HUFF_MAGIC , 4 ) != 0"		3860	0		!=			
ANR	3930	CallExpression	"strncmp ( huff_magic , HUFF_MAGIC , 4 )"		3860	0					
ANR	3931	Callee	strncmp		3860	0					
ANR	3932	Identifier	strncmp		3860	0					
ANR	3933	ArgumentList	huff_magic		3860	1					
ANR	3934	Argument	huff_magic		3860	0					
ANR	3935	Identifier	huff_magic		3860	0					
ANR	3936	Argument	HUFF_MAGIC		3860	1					
ANR	3937	Identifier	HUFF_MAGIC		3860	0					
ANR	3938	Argument	4		3860	2					
ANR	3939	PrimaryExpression	4		3860	0					
ANR	3940	PrimaryExpression	0		3860	1					
ANR	3941	RelationalExpression	header_length < HUFF_HEADER_LEN		3860	1		<			
ANR	3942	Identifier	header_length		3860	0					
ANR	3943	Identifier	HUFF_HEADER_LEN		3860	1					
ANR	3944	CompoundStatement		10:84:407:407	3860	1					
ANR	3945	ExpressionStatement	"debug_print ( ""HUFF wrong magic: %s\\n"" , huff_magic )"	570:8:21389:21438	3860	0	True				
ANR	3946	CallExpression	"debug_print ( ""HUFF wrong magic: %s\\n"" , huff_magic )"		3860	0					
ANR	3947	Callee	debug_print		3860	0					
ANR	3948	Identifier	debug_print		3860	0					
ANR	3949	ArgumentList	"""HUFF wrong magic: %s\\n"""		3860	1					
ANR	3950	Argument	"""HUFF wrong magic: %s\\n"""		3860	0					
ANR	3951	PrimaryExpression	"""HUFF wrong magic: %s\\n"""		3860	0					
ANR	3952	Argument	huff_magic		3860	1					
ANR	3953	Identifier	huff_magic		3860	0					
ANR	3954	ExpressionStatement	mobi_buffer_free_null ( buf )	571:8:21448:21474	3860	1	True				
ANR	3955	CallExpression	mobi_buffer_free_null ( buf )		3860	0					
ANR	3956	Callee	mobi_buffer_free_null		3860	0					
ANR	3957	Identifier	mobi_buffer_free_null		3860	0					
ANR	3958	ArgumentList	buf		3860	1					
ANR	3959	Argument	buf		3860	0					
ANR	3960	Identifier	buf		3860	0					
ANR	3961	ReturnStatement	return MOBI_DATA_CORRUPT ;	572:8:21484:21508	3860	2	True				
ANR	3962	Identifier	MOBI_DATA_CORRUPT		3860	0					
ANR	3963	IdentifierDeclStatement	const size_t data1_offset = mobi_buffer_get32 ( buf ) ;	574:4:21520:21570	3860	6	True				
ANR	3964	IdentifierDecl	data1_offset = mobi_buffer_get32 ( buf )		3860	0					
ANR	3965	IdentifierDeclType	const size_t		3860	0					
ANR	3966	Identifier	data1_offset		3860	1					
ANR	3967	AssignmentExpression	data1_offset = mobi_buffer_get32 ( buf )		3860	2		=			
ANR	3968	Identifier	data1_offset		3860	0					
ANR	3969	CallExpression	mobi_buffer_get32 ( buf )		3860	1					
ANR	3970	Callee	mobi_buffer_get32		3860	0					
ANR	3971	Identifier	mobi_buffer_get32		3860	0					
ANR	3972	ArgumentList	buf		3860	1					
ANR	3973	Argument	buf		3860	0					
ANR	3974	Identifier	buf		3860	0					
ANR	3975	IdentifierDeclStatement	const size_t data2_offset = mobi_buffer_get32 ( buf ) ;	575:4:21576:21626	3860	7	True				
ANR	3976	IdentifierDecl	data2_offset = mobi_buffer_get32 ( buf )		3860	0					
ANR	3977	IdentifierDeclType	const size_t		3860	0					
ANR	3978	Identifier	data2_offset		3860	1					
ANR	3979	AssignmentExpression	data2_offset = mobi_buffer_get32 ( buf )		3860	2		=			
ANR	3980	Identifier	data2_offset		3860	0					
ANR	3981	CallExpression	mobi_buffer_get32 ( buf )		3860	1					
ANR	3982	Callee	mobi_buffer_get32		3860	0					
ANR	3983	Identifier	mobi_buffer_get32		3860	0					
ANR	3984	ArgumentList	buf		3860	1					
ANR	3985	Argument	buf		3860	0					
ANR	3986	Identifier	buf		3860	0					
ANR	3987	ExpressionStatement	"mobi_buffer_setpos ( buf , data1_offset )"	577:4:21675:21712	3860	8	True				
ANR	3988	CallExpression	"mobi_buffer_setpos ( buf , data1_offset )"		3860	0					
ANR	3989	Callee	mobi_buffer_setpos		3860	0					
ANR	3990	Identifier	mobi_buffer_setpos		3860	0					
ANR	3991	ArgumentList	buf		3860	1					
ANR	3992	Argument	buf		3860	0					
ANR	3993	Identifier	buf		3860	0					
ANR	3994	Argument	data1_offset		3860	1					
ANR	3995	Identifier	data1_offset		3860	0					
ANR	3996	IfStatement	if ( buf -> offset + ( 256 * 4 ) > buf -> maxlen )		3860	9					
ANR	3997	Condition	buf -> offset + ( 256 * 4 ) > buf -> maxlen	578:8:21722:21758	3860	0	True				
ANR	3998	RelationalExpression	buf -> offset + ( 256 * 4 ) > buf -> maxlen		3860	0		>			
ANR	3999	AdditiveExpression	buf -> offset + ( 256 * 4 )		3860	0		+			
ANR	4000	PtrMemberAccess	buf -> offset		3860	0					
ANR	4001	Identifier	buf		3860	0					
ANR	4002	Identifier	offset		3860	1					
ANR	4003	MultiplicativeExpression	256 * 4		3860	1		*			
ANR	4004	PrimaryExpression	256		3860	0					
ANR	4005	PrimaryExpression	4		3860	1					
ANR	4006	PtrMemberAccess	buf -> maxlen		3860	1					
ANR	4007	Identifier	buf		3860	0					
ANR	4008	Identifier	maxlen		3860	1					
ANR	4009	CompoundStatement		19:47:789:789	3860	1					
ANR	4010	ExpressionStatement	"debug_print ( ""%s"" , ""HUFF data1 too short\\n"" )"	579:8:21771:21814	3860	0	True				
ANR	4011	CallExpression	"debug_print ( ""%s"" , ""HUFF data1 too short\\n"" )"		3860	0					
ANR	4012	Callee	debug_print		3860	0					
ANR	4013	Identifier	debug_print		3860	0					
ANR	4014	ArgumentList	"""%s"""		3860	1					
ANR	4015	Argument	"""%s"""		3860	0					
ANR	4016	PrimaryExpression	"""%s"""		3860	0					
ANR	4017	Argument	"""HUFF data1 too short\\n"""		3860	1					
ANR	4018	PrimaryExpression	"""HUFF data1 too short\\n"""		3860	0					
ANR	4019	ExpressionStatement	mobi_buffer_free_null ( buf )	580:8:21824:21850	3860	1	True				
ANR	4020	CallExpression	mobi_buffer_free_null ( buf )		3860	0					
ANR	4021	Callee	mobi_buffer_free_null		3860	0					
ANR	4022	Identifier	mobi_buffer_free_null		3860	0					
ANR	4023	ArgumentList	buf		3860	1					
ANR	4024	Argument	buf		3860	0					
ANR	4025	Identifier	buf		3860	0					
ANR	4026	ReturnStatement	return MOBI_DATA_CORRUPT ;	581:8:21860:21884	3860	2	True				
ANR	4027	Identifier	MOBI_DATA_CORRUPT		3860	0					
ANR	4028	ForStatement	for ( int i = 0 ; i < 256 ; i ++ )		3860	10					
ANR	4029	ForInit	int i = 0 ;	584:9:21950:21959	3860	0	True				
ANR	4030	IdentifierDeclStatement	int i = 0 ;		3860	0					
ANR	4031	IdentifierDecl	i = 0		3860	0					
ANR	4032	IdentifierDeclType	int		3860	0					
ANR	4033	Identifier	i		3860	1					
ANR	4034	AssignmentExpression	i = 0		3860	2		=			
ANR	4035	Identifier	i		3860	0					
ANR	4036	PrimaryExpression	0		3860	1					
ANR	4037	Condition	i < 256	584:20:21961:21967	3860	1	True				
ANR	4038	RelationalExpression	i < 256		3860	0		<			
ANR	4039	Identifier	i		3860	0					
ANR	4040	PrimaryExpression	256		3860	1					
ANR	4041	PostIncDecOperationExpression	i ++	584:29:21970:21972	3860	2	True				
ANR	4042	Identifier	i		3860	0					
ANR	4043	IncDec	++		3860	1					
ANR	4044	CompoundStatement		25:34:1003:1003	3860	3					
ANR	4045	ExpressionStatement	huffcdic -> table1 [ i ] = mobi_buffer_get32 ( buf )	585:8:21985:22029	3860	0	True				
ANR	4046	AssignmentExpression	huffcdic -> table1 [ i ] = mobi_buffer_get32 ( buf )		3860	0		=			
ANR	4047	ArrayIndexing	huffcdic -> table1 [ i ]		3860	0					
ANR	4048	PtrMemberAccess	huffcdic -> table1		3860	0					
ANR	4049	Identifier	huffcdic		3860	0					
ANR	4050	Identifier	table1		3860	1					
ANR	4051	Identifier	i		3860	1					
ANR	4052	CallExpression	mobi_buffer_get32 ( buf )		3860	1					
ANR	4053	Callee	mobi_buffer_get32		3860	0					
ANR	4054	Identifier	mobi_buffer_get32		3860	0					
ANR	4055	ArgumentList	buf		3860	1					
ANR	4056	Argument	buf		3860	0					
ANR	4057	Identifier	buf		3860	0					
ANR	4058	ExpressionStatement	"mobi_buffer_setpos ( buf , data2_offset )"	587:4:22041:22078	3860	11	True				
ANR	4059	CallExpression	"mobi_buffer_setpos ( buf , data2_offset )"		3860	0					
ANR	4060	Callee	mobi_buffer_setpos		3860	0					
ANR	4061	Identifier	mobi_buffer_setpos		3860	0					
ANR	4062	ArgumentList	buf		3860	1					
ANR	4063	Argument	buf		3860	0					
ANR	4064	Identifier	buf		3860	0					
ANR	4065	Argument	data2_offset		3860	1					
ANR	4066	Identifier	data2_offset		3860	0					
ANR	4067	IfStatement	if ( buf -> offset + ( 64 * 4 ) > buf -> maxlen )		3860	12					
ANR	4068	Condition	buf -> offset + ( 64 * 4 ) > buf -> maxlen	588:8:22088:22123	3860	0	True				
ANR	4069	RelationalExpression	buf -> offset + ( 64 * 4 ) > buf -> maxlen		3860	0		>			
ANR	4070	AdditiveExpression	buf -> offset + ( 64 * 4 )		3860	0		+			
ANR	4071	PtrMemberAccess	buf -> offset		3860	0					
ANR	4072	Identifier	buf		3860	0					
ANR	4073	Identifier	offset		3860	1					
ANR	4074	MultiplicativeExpression	64 * 4		3860	1		*			
ANR	4075	PrimaryExpression	64		3860	0					
ANR	4076	PrimaryExpression	4		3860	1					
ANR	4077	PtrMemberAccess	buf -> maxlen		3860	1					
ANR	4078	Identifier	buf		3860	0					
ANR	4079	Identifier	maxlen		3860	1					
ANR	4080	CompoundStatement		29:46:1154:1154	3860	1					
ANR	4081	ExpressionStatement	"debug_print ( ""%s"" , ""HUFF data2 too short\\n"" )"	589:8:22136:22179	3860	0	True				
ANR	4082	CallExpression	"debug_print ( ""%s"" , ""HUFF data2 too short\\n"" )"		3860	0					
ANR	4083	Callee	debug_print		3860	0					
ANR	4084	Identifier	debug_print		3860	0					
ANR	4085	ArgumentList	"""%s"""		3860	1					
ANR	4086	Argument	"""%s"""		3860	0					
ANR	4087	PrimaryExpression	"""%s"""		3860	0					
ANR	4088	Argument	"""HUFF data2 too short\\n"""		3860	1					
ANR	4089	PrimaryExpression	"""HUFF data2 too short\\n"""		3860	0					
ANR	4090	ExpressionStatement	mobi_buffer_free_null ( buf )	590:8:22189:22215	3860	1	True				
ANR	4091	CallExpression	mobi_buffer_free_null ( buf )		3860	0					
ANR	4092	Callee	mobi_buffer_free_null		3860	0					
ANR	4093	Identifier	mobi_buffer_free_null		3860	0					
ANR	4094	ArgumentList	buf		3860	1					
ANR	4095	Argument	buf		3860	0					
ANR	4096	Identifier	buf		3860	0					
ANR	4097	ReturnStatement	return MOBI_DATA_CORRUPT ;	591:8:22225:22249	3860	2	True				
ANR	4098	Identifier	MOBI_DATA_CORRUPT		3860	0					
ANR	4099	ExpressionStatement	huffcdic -> mincode_table [ 0 ] = 0	594:4:22323:22353	3860	13	True				
ANR	4100	AssignmentExpression	huffcdic -> mincode_table [ 0 ] = 0		3860	0		=			
ANR	4101	ArrayIndexing	huffcdic -> mincode_table [ 0 ]		3860	0					
ANR	4102	PtrMemberAccess	huffcdic -> mincode_table		3860	0					
ANR	4103	Identifier	huffcdic		3860	0					
ANR	4104	Identifier	mincode_table		3860	1					
ANR	4105	PrimaryExpression	0		3860	1					
ANR	4106	PrimaryExpression	0		3860	1					
ANR	4107	ExpressionStatement	huffcdic -> maxcode_table [ 0 ] = 0xFFFFFFFF	595:4:22359:22398	3860	14	True				
ANR	4108	AssignmentExpression	huffcdic -> maxcode_table [ 0 ] = 0xFFFFFFFF		3860	0		=			
ANR	4109	ArrayIndexing	huffcdic -> maxcode_table [ 0 ]		3860	0					
ANR	4110	PtrMemberAccess	huffcdic -> maxcode_table		3860	0					
ANR	4111	Identifier	huffcdic		3860	0					
ANR	4112	Identifier	maxcode_table		3860	1					
ANR	4113	PrimaryExpression	0		3860	1					
ANR	4114	PrimaryExpression	0xFFFFFFFF		3860	1					
ANR	4115	ForStatement	for ( int i = 1 ; i < HUFF_CODETABLE_SIZE ; i ++ )		3860	15					
ANR	4116	ForInit	int i = 1 ;	596:9:22409:22418	3860	0	True				
ANR	4117	IdentifierDeclStatement	int i = 1 ;		3860	0					
ANR	4118	IdentifierDecl	i = 1		3860	0					
ANR	4119	IdentifierDeclType	int		3860	0					
ANR	4120	Identifier	i		3860	1					
ANR	4121	AssignmentExpression	i = 1		3860	2		=			
ANR	4122	Identifier	i		3860	0					
ANR	4123	PrimaryExpression	1		3860	1					
ANR	4124	Condition	i < HUFF_CODETABLE_SIZE	596:20:22420:22442	3860	1	True				
ANR	4125	RelationalExpression	i < HUFF_CODETABLE_SIZE		3860	0		<			
ANR	4126	Identifier	i		3860	0					
ANR	4127	Identifier	HUFF_CODETABLE_SIZE		3860	1					
ANR	4128	PostIncDecOperationExpression	i ++	596:45:22445:22447	3860	2	True				
ANR	4129	Identifier	i		3860	0					
ANR	4130	IncDec	++		3860	1					
ANR	4131	CompoundStatement		39:8:1545:1592	3860	3					
ANR	4132	IdentifierDeclStatement	const uint32_t mincode = mobi_buffer_get32 ( buf ) ;	597:8:22460:22507	3860	0	True				
ANR	4133	IdentifierDecl	mincode = mobi_buffer_get32 ( buf )		3860	0					
ANR	4134	IdentifierDeclType	const uint32_t		3860	0					
ANR	4135	Identifier	mincode		3860	1					
ANR	4136	AssignmentExpression	mincode = mobi_buffer_get32 ( buf )		3860	2		=			
ANR	4137	Identifier	mincode		3860	0					
ANR	4138	CallExpression	mobi_buffer_get32 ( buf )		3860	1					
ANR	4139	Callee	mobi_buffer_get32		3860	0					
ANR	4140	Identifier	mobi_buffer_get32		3860	0					
ANR	4141	ArgumentList	buf		3860	1					
ANR	4142	Argument	buf		3860	0					
ANR	4143	Identifier	buf		3860	0					
ANR	4144	IdentifierDeclStatement	const uint32_t maxcode = mobi_buffer_get32 ( buf ) ;	598:8:22517:22564	3860	1	True				
ANR	4145	IdentifierDecl	maxcode = mobi_buffer_get32 ( buf )		3860	0					
ANR	4146	IdentifierDeclType	const uint32_t		3860	0					
ANR	4147	Identifier	maxcode		3860	1					
ANR	4148	AssignmentExpression	maxcode = mobi_buffer_get32 ( buf )		3860	2		=			
ANR	4149	Identifier	maxcode		3860	0					
ANR	4150	CallExpression	mobi_buffer_get32 ( buf )		3860	1					
ANR	4151	Callee	mobi_buffer_get32		3860	0					
ANR	4152	Identifier	mobi_buffer_get32		3860	0					
ANR	4153	ArgumentList	buf		3860	1					
ANR	4154	Argument	buf		3860	0					
ANR	4155	Identifier	buf		3860	0					
ANR	4156	ExpressionStatement	huffcdic -> mincode_table [ i ] = mincode << ( 32 - i )	599:8:22574:22623	3860	2	True				
ANR	4157	AssignmentExpression	huffcdic -> mincode_table [ i ] = mincode << ( 32 - i )		3860	0		=			
ANR	4158	ArrayIndexing	huffcdic -> mincode_table [ i ]		3860	0					
ANR	4159	PtrMemberAccess	huffcdic -> mincode_table		3860	0					
ANR	4160	Identifier	huffcdic		3860	0					
ANR	4161	Identifier	mincode_table		3860	1					
ANR	4162	Identifier	i		3860	1					
ANR	4163	ShiftExpression	mincode << ( 32 - i )		3860	1		<<			
ANR	4164	Identifier	mincode		3860	0					
ANR	4165	AdditiveExpression	32 - i		3860	1		-			
ANR	4166	PrimaryExpression	32		3860	0					
ANR	4167	Identifier	i		3860	1					
ANR	4168	ExpressionStatement	huffcdic -> maxcode_table [ i ] = ( ( maxcode + 1 ) << ( 32 - i ) ) - 1	600:8:22633:22694	3860	3	True				
ANR	4169	AssignmentExpression	huffcdic -> maxcode_table [ i ] = ( ( maxcode + 1 ) << ( 32 - i ) ) - 1		3860	0		=			
ANR	4170	ArrayIndexing	huffcdic -> maxcode_table [ i ]		3860	0					
ANR	4171	PtrMemberAccess	huffcdic -> maxcode_table		3860	0					
ANR	4172	Identifier	huffcdic		3860	0					
ANR	4173	Identifier	maxcode_table		3860	1					
ANR	4174	Identifier	i		3860	1					
ANR	4175	AdditiveExpression	( ( maxcode + 1 ) << ( 32 - i ) ) - 1		3860	1		-			
ANR	4176	ShiftExpression	( maxcode + 1 ) << ( 32 - i )		3860	0		<<			
ANR	4177	AdditiveExpression	maxcode + 1		3860	0		+			
ANR	4178	Identifier	maxcode		3860	0					
ANR	4179	PrimaryExpression	1		3860	1					
ANR	4180	AdditiveExpression	32 - i		3860	1		-			
ANR	4181	PrimaryExpression	32		3860	0					
ANR	4182	Identifier	i		3860	1					
ANR	4183	PrimaryExpression	1		3860	1					
ANR	4184	ExpressionStatement	mobi_buffer_free_null ( buf )	602:4:22706:22732	3860	16	True				
ANR	4185	CallExpression	mobi_buffer_free_null ( buf )		3860	0					
ANR	4186	Callee	mobi_buffer_free_null		3860	0					
ANR	4187	Identifier	mobi_buffer_free_null		3860	0					
ANR	4188	ArgumentList	buf		3860	1					
ANR	4189	Argument	buf		3860	0					
ANR	4190	Identifier	buf		3860	0					
ANR	4191	ReturnStatement	return MOBI_SUCCESS ;	603:4:22738:22757	3860	17	True				
ANR	4192	Identifier	MOBI_SUCCESS		3860	0					
ANR	4193	ReturnType	MOBI_RET		3860	1					
ANR	4194	Identifier	mobi_parse_huff		3860	2					
ANR	4195	ParameterList	"MOBIHuffCdic * huffcdic , const MOBIPdbRecord * record"		3860	3					
ANR	4196	Parameter	MOBIHuffCdic * huffcdic	560:25:20918:20939	3860	0	True				
ANR	4197	ParameterType	MOBIHuffCdic *		3860	0					
ANR	4198	Identifier	huffcdic		3860	1					
ANR	4199	Parameter	const MOBIPdbRecord * record	560:49:20942:20968	3860	1	True				
ANR	4200	ParameterType	const MOBIPdbRecord *		3860	0					
ANR	4201	Identifier	record		3860	1					
ANR	4202	CFGEntryNode	ENTRY		3860		True				
ANR	4203	CFGExitNode	EXIT		3860		True				
ANR	4204	Symbol	buf -> offset		3860						
ANR	4205	Symbol	HUFF_MAGIC		3860						
ANR	4206	Symbol	* huffcdic -> maxcode_table		3860						
ANR	4207	Symbol	huffcdic		3860						
ANR	4208	Symbol	maxcode		3860						
ANR	4209	Symbol	mobi_buffer_get32		3860						
ANR	4210	Symbol	MOBI_SUCCESS		3860						
ANR	4211	Symbol	data1_offset		3860						
ANR	4212	Symbol	data2_offset		3860						
ANR	4213	Symbol	huffcdic -> mincode_table		3860						
ANR	4214	Symbol	mobi_buffer_init_null		3860						
ANR	4215	Symbol	HUFF_HEADER_LEN		3860						
ANR	4216	Symbol	mincode		3860						
ANR	4217	Symbol	strncmp		3860						
ANR	4218	Symbol	record		3860						
ANR	4219	Symbol	* * huffcdic		3860						
ANR	4220	Symbol	* huffcdic		3860						
ANR	4221	Symbol	* huffcdic -> table1		3860						
ANR	4222	Symbol	buf -> maxlen		3860						
ANR	4223	Symbol	huff_magic		3860						
ANR	4224	Symbol	MOBI_DATA_CORRUPT		3860						
ANR	4225	Symbol	* buf		3860						
ANR	4226	Symbol	NULL		3860						
ANR	4227	Symbol	record -> size		3860						
ANR	4228	Symbol	i		3860						
ANR	4229	Symbol	huffcdic -> maxcode_table		3860						
ANR	4230	Symbol	buf		3860						
ANR	4231	Symbol	* i		3860						
ANR	4232	Symbol	header_length		3860						
ANR	4233	Symbol	* huffcdic -> mincode_table		3860						
ANR	4234	Symbol	huffcdic -> table1		3860						
ANR	4235	Symbol	record -> data		3860						
ANR	4236	Symbol	* record		3860						
ANR	4237	Symbol	MOBI_MALLOC_FAILED		3860						
ANR	4238	Symbol	HUFF_CODETABLE_SIZE		3860						
ANR	4239	Function	mobi_parse_cdic	614:0:23092:27018							
ANR	4240	FunctionDef	"mobi_parse_cdic (MOBIHuffCdic * huffcdic , const MOBIPdbRecord * record , const size_t num)"		4239	0					
ANR	4241	CompoundStatement		614:96:23188:27018	4239	0					
ANR	4242	IdentifierDeclStatement	"MOBIBuffer * buf = mobi_buffer_init_null ( record -> data , record -> size ) ;"	615:4:23194:23261	4239	0	True				
ANR	4243	IdentifierDecl	"* buf = mobi_buffer_init_null ( record -> data , record -> size )"		4239	0					
ANR	4244	IdentifierDeclType	MOBIBuffer *		4239	0					
ANR	4245	Identifier	buf		4239	1					
ANR	4246	AssignmentExpression	"* buf = mobi_buffer_init_null ( record -> data , record -> size )"		4239	2		=			
ANR	4247	Identifier	buf		4239	0					
ANR	4248	CallExpression	"mobi_buffer_init_null ( record -> data , record -> size )"		4239	1					
ANR	4249	Callee	mobi_buffer_init_null		4239	0					
ANR	4250	Identifier	mobi_buffer_init_null		4239	0					
ANR	4251	ArgumentList	record -> data		4239	1					
ANR	4252	Argument	record -> data		4239	0					
ANR	4253	PtrMemberAccess	record -> data		4239	0					
ANR	4254	Identifier	record		4239	0					
ANR	4255	Identifier	data		4239	1					
ANR	4256	Argument	record -> size		4239	1					
ANR	4257	PtrMemberAccess	record -> size		4239	0					
ANR	4258	Identifier	record		4239	0					
ANR	4259	Identifier	size		4239	1					
ANR	4260	IfStatement	if ( buf == NULL )		4239	1					
ANR	4261	Condition	buf == NULL	616:8:23271:23281	4239	0	True				
ANR	4262	EqualityExpression	buf == NULL		4239	0		==			
ANR	4263	Identifier	buf		4239	0					
ANR	4264	Identifier	NULL		4239	1					
ANR	4265	CompoundStatement		3:21:95:95	4239	1					
ANR	4266	ExpressionStatement	"debug_print ( ""%s\\n"" , ""Memory allocation failed"" )"	617:8:23294:23341	4239	0	True				
ANR	4267	CallExpression	"debug_print ( ""%s\\n"" , ""Memory allocation failed"" )"		4239	0					
ANR	4268	Callee	debug_print		4239	0					
ANR	4269	Identifier	debug_print		4239	0					
ANR	4270	ArgumentList	"""%s\\n"""		4239	1					
ANR	4271	Argument	"""%s\\n"""		4239	0					
ANR	4272	PrimaryExpression	"""%s\\n"""		4239	0					
ANR	4273	Argument	"""Memory allocation failed"""		4239	1					
ANR	4274	PrimaryExpression	"""Memory allocation failed"""		4239	0					
ANR	4275	ReturnStatement	return MOBI_MALLOC_FAILED ;	618:8:23351:23376	4239	1	True				
ANR	4276	Identifier	MOBI_MALLOC_FAILED		4239	0					
ANR	4277	IdentifierDeclStatement	char cdic_magic [ 5 ] ;	620:4:23388:23406	4239	2	True				
ANR	4278	IdentifierDecl	cdic_magic [ 5 ]		4239	0					
ANR	4279	IdentifierDeclType	char [ 5 ]		4239	0					
ANR	4280	Identifier	cdic_magic		4239	1					
ANR	4281	PrimaryExpression	5		4239	2					
ANR	4282	ExpressionStatement	"mobi_buffer_getstring ( cdic_magic , buf , 4 )"	621:4:23412:23453	4239	3	True				
ANR	4283	CallExpression	"mobi_buffer_getstring ( cdic_magic , buf , 4 )"		4239	0					
ANR	4284	Callee	mobi_buffer_getstring		4239	0					
ANR	4285	Identifier	mobi_buffer_getstring		4239	0					
ANR	4286	ArgumentList	cdic_magic		4239	1					
ANR	4287	Argument	cdic_magic		4239	0					
ANR	4288	Identifier	cdic_magic		4239	0					
ANR	4289	Argument	buf		4239	1					
ANR	4290	Identifier	buf		4239	0					
ANR	4291	Argument	4		4239	2					
ANR	4292	PrimaryExpression	4		4239	0					
ANR	4293	IdentifierDeclStatement	const size_t header_length = mobi_buffer_get32 ( buf ) ;	622:4:23459:23510	4239	4	True				
ANR	4294	IdentifierDecl	header_length = mobi_buffer_get32 ( buf )		4239	0					
ANR	4295	IdentifierDeclType	const size_t		4239	0					
ANR	4296	Identifier	header_length		4239	1					
ANR	4297	AssignmentExpression	header_length = mobi_buffer_get32 ( buf )		4239	2		=			
ANR	4298	Identifier	header_length		4239	0					
ANR	4299	CallExpression	mobi_buffer_get32 ( buf )		4239	1					
ANR	4300	Callee	mobi_buffer_get32		4239	0					
ANR	4301	Identifier	mobi_buffer_get32		4239	0					
ANR	4302	ArgumentList	buf		4239	1					
ANR	4303	Argument	buf		4239	0					
ANR	4304	Identifier	buf		4239	0					
ANR	4305	IfStatement	"if ( strncmp ( cdic_magic , CDIC_MAGIC , 4 ) != 0 || header_length < CDIC_HEADER_LEN )"		4239	5					
ANR	4306	Condition	"strncmp ( cdic_magic , CDIC_MAGIC , 4 ) != 0 || header_length < CDIC_HEADER_LEN"	623:8:23520:23593	4239	0	True				
ANR	4307	OrExpression	"strncmp ( cdic_magic , CDIC_MAGIC , 4 ) != 0 || header_length < CDIC_HEADER_LEN"		4239	0		||			
ANR	4308	EqualityExpression	"strncmp ( cdic_magic , CDIC_MAGIC , 4 ) != 0"		4239	0		!=			
ANR	4309	CallExpression	"strncmp ( cdic_magic , CDIC_MAGIC , 4 )"		4239	0					
ANR	4310	Callee	strncmp		4239	0					
ANR	4311	Identifier	strncmp		4239	0					
ANR	4312	ArgumentList	cdic_magic		4239	1					
ANR	4313	Argument	cdic_magic		4239	0					
ANR	4314	Identifier	cdic_magic		4239	0					
ANR	4315	Argument	CDIC_MAGIC		4239	1					
ANR	4316	Identifier	CDIC_MAGIC		4239	0					
ANR	4317	Argument	4		4239	2					
ANR	4318	PrimaryExpression	4		4239	0					
ANR	4319	PrimaryExpression	0		4239	1					
ANR	4320	RelationalExpression	header_length < CDIC_HEADER_LEN		4239	1		<			
ANR	4321	Identifier	header_length		4239	0					
ANR	4322	Identifier	CDIC_HEADER_LEN		4239	1					
ANR	4323	CompoundStatement		10:84:407:407	4239	1					
ANR	4324	ExpressionStatement	"debug_print ( ""CDIC wrong magic: %s or declared header length: %zu\\n"" , cdic_magic , header_length )"	624:8:23606:23701	4239	0	True				
ANR	4325	CallExpression	"debug_print ( ""CDIC wrong magic: %s or declared header length: %zu\\n"" , cdic_magic , header_length )"		4239	0					
ANR	4326	Callee	debug_print		4239	0					
ANR	4327	Identifier	debug_print		4239	0					
ANR	4328	ArgumentList	"""CDIC wrong magic: %s or declared header length: %zu\\n"""		4239	1					
ANR	4329	Argument	"""CDIC wrong magic: %s or declared header length: %zu\\n"""		4239	0					
ANR	4330	PrimaryExpression	"""CDIC wrong magic: %s or declared header length: %zu\\n"""		4239	0					
ANR	4331	Argument	cdic_magic		4239	1					
ANR	4332	Identifier	cdic_magic		4239	0					
ANR	4333	Argument	header_length		4239	2					
ANR	4334	Identifier	header_length		4239	0					
ANR	4335	ExpressionStatement	mobi_buffer_free_null ( buf )	625:8:23711:23737	4239	1	True				
ANR	4336	CallExpression	mobi_buffer_free_null ( buf )		4239	0					
ANR	4337	Callee	mobi_buffer_free_null		4239	0					
ANR	4338	Identifier	mobi_buffer_free_null		4239	0					
ANR	4339	ArgumentList	buf		4239	1					
ANR	4340	Argument	buf		4239	0					
ANR	4341	Identifier	buf		4239	0					
ANR	4342	ReturnStatement	return MOBI_DATA_CORRUPT ;	626:8:23747:23771	4239	2	True				
ANR	4343	Identifier	MOBI_DATA_CORRUPT		4239	0					
ANR	4344	IdentifierDeclStatement	size_t index_count = mobi_buffer_get32 ( buf ) ;	630:4:23887:23930	4239	6	True				
ANR	4345	IdentifierDecl	index_count = mobi_buffer_get32 ( buf )		4239	0					
ANR	4346	IdentifierDeclType	size_t		4239	0					
ANR	4347	Identifier	index_count		4239	1					
ANR	4348	AssignmentExpression	index_count = mobi_buffer_get32 ( buf )		4239	2		=			
ANR	4349	Identifier	index_count		4239	0					
ANR	4350	CallExpression	mobi_buffer_get32 ( buf )		4239	1					
ANR	4351	Callee	mobi_buffer_get32		4239	0					
ANR	4352	Identifier	mobi_buffer_get32		4239	0					
ANR	4353	ArgumentList	buf		4239	1					
ANR	4354	Argument	buf		4239	0					
ANR	4355	Identifier	buf		4239	0					
ANR	4356	IdentifierDeclStatement	const size_t code_length = mobi_buffer_get32 ( buf ) ;	631:4:23936:23985	4239	7	True				
ANR	4357	IdentifierDecl	code_length = mobi_buffer_get32 ( buf )		4239	0					
ANR	4358	IdentifierDeclType	const size_t		4239	0					
ANR	4359	Identifier	code_length		4239	1					
ANR	4360	AssignmentExpression	code_length = mobi_buffer_get32 ( buf )		4239	2		=			
ANR	4361	Identifier	code_length		4239	0					
ANR	4362	CallExpression	mobi_buffer_get32 ( buf )		4239	1					
ANR	4363	Callee	mobi_buffer_get32		4239	0					
ANR	4364	Identifier	mobi_buffer_get32		4239	0					
ANR	4365	ArgumentList	buf		4239	1					
ANR	4366	Argument	buf		4239	0					
ANR	4367	Identifier	buf		4239	0					
ANR	4368	IfStatement	if ( huffcdic -> code_length && huffcdic -> code_length != code_length )		4239	8					
ANR	4369	Condition	huffcdic -> code_length && huffcdic -> code_length != code_length	632:8:23995:24055	4239	0	True				
ANR	4370	AndExpression	huffcdic -> code_length && huffcdic -> code_length != code_length		4239	0		&&			
ANR	4371	PtrMemberAccess	huffcdic -> code_length		4239	0					
ANR	4372	Identifier	huffcdic		4239	0					
ANR	4373	Identifier	code_length		4239	1					
ANR	4374	EqualityExpression	huffcdic -> code_length != code_length		4239	1		!=			
ANR	4375	PtrMemberAccess	huffcdic -> code_length		4239	0					
ANR	4376	Identifier	huffcdic		4239	0					
ANR	4377	Identifier	code_length		4239	1					
ANR	4378	Identifier	code_length		4239	1					
ANR	4379	CompoundStatement		19:71:869:869	4239	1					
ANR	4380	ExpressionStatement	"debug_print ( ""CDIC different code length %zu in record %i, previous was %zu\\n"" , huffcdic -> code_length , record -> uid , code_length )"	633:8:24068:24195	4239	0	True				
ANR	4381	CallExpression	"debug_print ( ""CDIC different code length %zu in record %i, previous was %zu\\n"" , huffcdic -> code_length , record -> uid , code_length )"		4239	0					
ANR	4382	Callee	debug_print		4239	0					
ANR	4383	Identifier	debug_print		4239	0					
ANR	4384	ArgumentList	"""CDIC different code length %zu in record %i, previous was %zu\\n"""		4239	1					
ANR	4385	Argument	"""CDIC different code length %zu in record %i, previous was %zu\\n"""		4239	0					
ANR	4386	PrimaryExpression	"""CDIC different code length %zu in record %i, previous was %zu\\n"""		4239	0					
ANR	4387	Argument	huffcdic -> code_length		4239	1					
ANR	4388	PtrMemberAccess	huffcdic -> code_length		4239	0					
ANR	4389	Identifier	huffcdic		4239	0					
ANR	4390	Identifier	code_length		4239	1					
ANR	4391	Argument	record -> uid		4239	2					
ANR	4392	PtrMemberAccess	record -> uid		4239	0					
ANR	4393	Identifier	record		4239	0					
ANR	4394	Identifier	uid		4239	1					
ANR	4395	Argument	code_length		4239	3					
ANR	4396	Identifier	code_length		4239	0					
ANR	4397	ExpressionStatement	mobi_buffer_free_null ( buf )	634:8:24205:24231	4239	1	True				
ANR	4398	CallExpression	mobi_buffer_free_null ( buf )		4239	0					
ANR	4399	Callee	mobi_buffer_free_null		4239	0					
ANR	4400	Identifier	mobi_buffer_free_null		4239	0					
ANR	4401	ArgumentList	buf		4239	1					
ANR	4402	Argument	buf		4239	0					
ANR	4403	Identifier	buf		4239	0					
ANR	4404	ReturnStatement	return MOBI_DATA_CORRUPT ;	635:8:24241:24265	4239	2	True				
ANR	4405	Identifier	MOBI_DATA_CORRUPT		4239	0					
ANR	4406	IfStatement	if ( huffcdic -> index_count && huffcdic -> index_count != index_count )		4239	9					
ANR	4407	Condition	huffcdic -> index_count && huffcdic -> index_count != index_count	637:8:24281:24341	4239	0	True				
ANR	4408	AndExpression	huffcdic -> index_count && huffcdic -> index_count != index_count		4239	0		&&			
ANR	4409	PtrMemberAccess	huffcdic -> index_count		4239	0					
ANR	4410	Identifier	huffcdic		4239	0					
ANR	4411	Identifier	index_count		4239	1					
ANR	4412	EqualityExpression	huffcdic -> index_count != index_count		4239	1		!=			
ANR	4413	PtrMemberAccess	huffcdic -> index_count		4239	0					
ANR	4414	Identifier	huffcdic		4239	0					
ANR	4415	Identifier	index_count		4239	1					
ANR	4416	Identifier	index_count		4239	1					
ANR	4417	CompoundStatement		24:71:1155:1155	4239	1					
ANR	4418	ExpressionStatement	"debug_print ( ""CDIC different index count %zu in record %i, previous was %zu\\n"" , huffcdic -> index_count , record -> uid , index_count )"	638:8:24354:24481	4239	0	True				
ANR	4419	CallExpression	"debug_print ( ""CDIC different index count %zu in record %i, previous was %zu\\n"" , huffcdic -> index_count , record -> uid , index_count )"		4239	0					
ANR	4420	Callee	debug_print		4239	0					
ANR	4421	Identifier	debug_print		4239	0					
ANR	4422	ArgumentList	"""CDIC different index count %zu in record %i, previous was %zu\\n"""		4239	1					
ANR	4423	Argument	"""CDIC different index count %zu in record %i, previous was %zu\\n"""		4239	0					
ANR	4424	PrimaryExpression	"""CDIC different index count %zu in record %i, previous was %zu\\n"""		4239	0					
ANR	4425	Argument	huffcdic -> index_count		4239	1					
ANR	4426	PtrMemberAccess	huffcdic -> index_count		4239	0					
ANR	4427	Identifier	huffcdic		4239	0					
ANR	4428	Identifier	index_count		4239	1					
ANR	4429	Argument	record -> uid		4239	2					
ANR	4430	PtrMemberAccess	record -> uid		4239	0					
ANR	4431	Identifier	record		4239	0					
ANR	4432	Identifier	uid		4239	1					
ANR	4433	Argument	index_count		4239	3					
ANR	4434	Identifier	index_count		4239	0					
ANR	4435	ExpressionStatement	mobi_buffer_free_null ( buf )	639:8:24491:24517	4239	1	True				
ANR	4436	CallExpression	mobi_buffer_free_null ( buf )		4239	0					
ANR	4437	Callee	mobi_buffer_free_null		4239	0					
ANR	4438	Identifier	mobi_buffer_free_null		4239	0					
ANR	4439	ArgumentList	buf		4239	1					
ANR	4440	Argument	buf		4239	0					
ANR	4441	Identifier	buf		4239	0					
ANR	4442	ReturnStatement	return MOBI_DATA_CORRUPT ;	640:8:24527:24551	4239	2	True				
ANR	4443	Identifier	MOBI_DATA_CORRUPT		4239	0					
ANR	4444	IfStatement	if ( code_length == 0 || code_length > HUFF_CODELEN_MAX )		4239	10					
ANR	4445	Condition	code_length == 0 || code_length > HUFF_CODELEN_MAX	642:8:24567:24616	4239	0	True				
ANR	4446	OrExpression	code_length == 0 || code_length > HUFF_CODELEN_MAX		4239	0		||			
ANR	4447	EqualityExpression	code_length == 0		4239	0		==			
ANR	4448	Identifier	code_length		4239	0					
ANR	4449	PrimaryExpression	0		4239	1					
ANR	4450	RelationalExpression	code_length > HUFF_CODELEN_MAX		4239	1		>			
ANR	4451	Identifier	code_length		4239	0					
ANR	4452	Identifier	HUFF_CODELEN_MAX		4239	1					
ANR	4453	CompoundStatement		29:60:1430:1430	4239	1					
ANR	4454	ExpressionStatement	"debug_print ( ""Code length exceeds sanity checks (%zu)\\n"" , code_length )"	643:8:24629:24698	4239	0	True				
ANR	4455	CallExpression	"debug_print ( ""Code length exceeds sanity checks (%zu)\\n"" , code_length )"		4239	0					
ANR	4456	Callee	debug_print		4239	0					
ANR	4457	Identifier	debug_print		4239	0					
ANR	4458	ArgumentList	"""Code length exceeds sanity checks (%zu)\\n"""		4239	1					
ANR	4459	Argument	"""Code length exceeds sanity checks (%zu)\\n"""		4239	0					
ANR	4460	PrimaryExpression	"""Code length exceeds sanity checks (%zu)\\n"""		4239	0					
ANR	4461	Argument	code_length		4239	1					
ANR	4462	Identifier	code_length		4239	0					
ANR	4463	ExpressionStatement	mobi_buffer_free_null ( buf )	644:8:24708:24734	4239	1	True				
ANR	4464	CallExpression	mobi_buffer_free_null ( buf )		4239	0					
ANR	4465	Callee	mobi_buffer_free_null		4239	0					
ANR	4466	Identifier	mobi_buffer_free_null		4239	0					
ANR	4467	ArgumentList	buf		4239	1					
ANR	4468	Argument	buf		4239	0					
ANR	4469	Identifier	buf		4239	0					
ANR	4470	ReturnStatement	return MOBI_DATA_CORRUPT ;	645:8:24744:24768	4239	2	True				
ANR	4471	Identifier	MOBI_DATA_CORRUPT		4239	0					
ANR	4472	ExpressionStatement	huffcdic -> code_length = code_length	647:4:24780:24815	4239	11	True				
ANR	4473	AssignmentExpression	huffcdic -> code_length = code_length		4239	0		=			
ANR	4474	PtrMemberAccess	huffcdic -> code_length		4239	0					
ANR	4475	Identifier	huffcdic		4239	0					
ANR	4476	Identifier	code_length		4239	1					
ANR	4477	Identifier	code_length		4239	1					
ANR	4478	ExpressionStatement	huffcdic -> index_count = index_count	648:4:24821:24856	4239	12	True				
ANR	4479	AssignmentExpression	huffcdic -> index_count = index_count		4239	0		=			
ANR	4480	PtrMemberAccess	huffcdic -> index_count		4239	0					
ANR	4481	Identifier	huffcdic		4239	0					
ANR	4482	Identifier	index_count		4239	1					
ANR	4483	Identifier	index_count		4239	1					
ANR	4484	IfStatement	if ( index_count == 0 )		4239	13					
ANR	4485	Condition	index_count == 0	649:8:24866:24881	4239	0	True				
ANR	4486	EqualityExpression	index_count == 0		4239	0		==			
ANR	4487	Identifier	index_count		4239	0					
ANR	4488	PrimaryExpression	0		4239	1					
ANR	4489	CompoundStatement		36:26:1695:1695	4239	1					
ANR	4490	ExpressionStatement	"debug_print ( ""%s"" , ""CDIC index count is null"" )"	650:8:24894:24939	4239	0	True				
ANR	4491	CallExpression	"debug_print ( ""%s"" , ""CDIC index count is null"" )"		4239	0					
ANR	4492	Callee	debug_print		4239	0					
ANR	4493	Identifier	debug_print		4239	0					
ANR	4494	ArgumentList	"""%s"""		4239	1					
ANR	4495	Argument	"""%s"""		4239	0					
ANR	4496	PrimaryExpression	"""%s"""		4239	0					
ANR	4497	Argument	"""CDIC index count is null"""		4239	1					
ANR	4498	PrimaryExpression	"""CDIC index count is null"""		4239	0					
ANR	4499	ExpressionStatement	mobi_buffer_free_null ( buf )	651:8:24949:24975	4239	1	True				
ANR	4500	CallExpression	mobi_buffer_free_null ( buf )		4239	0					
ANR	4501	Callee	mobi_buffer_free_null		4239	0					
ANR	4502	Identifier	mobi_buffer_free_null		4239	0					
ANR	4503	ArgumentList	buf		4239	1					
ANR	4504	Argument	buf		4239	0					
ANR	4505	Identifier	buf		4239	0					
ANR	4506	ReturnStatement	return MOBI_DATA_CORRUPT ;	652:8:24985:25009	4239	2	True				
ANR	4507	Identifier	MOBI_DATA_CORRUPT		4239	0					
ANR	4508	IfStatement	if ( num == 0 )		4239	14					
ANR	4509	Condition	num == 0	655:8:25095:25102	4239	0	True				
ANR	4510	EqualityExpression	num == 0		4239	0		==			
ANR	4511	Identifier	num		4239	0					
ANR	4512	PrimaryExpression	0		4239	1					
ANR	4513	CompoundStatement		42:18:1916:1916	4239	1					
ANR	4514	IfStatement	if ( index_count > ( 1 << HUFF_CODELEN_MAX ) * CDIC_RECORD_MAXCNT )		4239	0					
ANR	4515	Condition	index_count > ( 1 << HUFF_CODELEN_MAX ) * CDIC_RECORD_MAXCNT	656:12:25119:25176	4239	0	True				
ANR	4516	RelationalExpression	index_count > ( 1 << HUFF_CODELEN_MAX ) * CDIC_RECORD_MAXCNT		4239	0		>			
ANR	4517	Identifier	index_count		4239	0					
ANR	4518	MultiplicativeExpression	( 1 << HUFF_CODELEN_MAX ) * CDIC_RECORD_MAXCNT		4239	1		*			
ANR	4519	ShiftExpression	1 << HUFF_CODELEN_MAX		4239	0		<<			
ANR	4520	PrimaryExpression	1		4239	0					
ANR	4521	Identifier	HUFF_CODELEN_MAX		4239	1					
ANR	4522	Identifier	CDIC_RECORD_MAXCNT		4239	1					
ANR	4523	CompoundStatement		43:72:1990:1990	4239	1					
ANR	4524	ExpressionStatement	"debug_print ( ""CDIC index count too large %zu\\n"" , index_count )"	657:12:25193:25253	4239	0	True				
ANR	4525	CallExpression	"debug_print ( ""CDIC index count too large %zu\\n"" , index_count )"		4239	0					
ANR	4526	Callee	debug_print		4239	0					
ANR	4527	Identifier	debug_print		4239	0					
ANR	4528	ArgumentList	"""CDIC index count too large %zu\\n"""		4239	1					
ANR	4529	Argument	"""CDIC index count too large %zu\\n"""		4239	0					
ANR	4530	PrimaryExpression	"""CDIC index count too large %zu\\n"""		4239	0					
ANR	4531	Argument	index_count		4239	1					
ANR	4532	Identifier	index_count		4239	0					
ANR	4533	ExpressionStatement	mobi_buffer_free_null ( buf )	658:12:25267:25293	4239	1	True				
ANR	4534	CallExpression	mobi_buffer_free_null ( buf )		4239	0					
ANR	4535	Callee	mobi_buffer_free_null		4239	0					
ANR	4536	Identifier	mobi_buffer_free_null		4239	0					
ANR	4537	ArgumentList	buf		4239	1					
ANR	4538	Argument	buf		4239	0					
ANR	4539	Identifier	buf		4239	0					
ANR	4540	ReturnStatement	return MOBI_DATA_CORRUPT ;	659:12:25307:25331	4239	2	True				
ANR	4541	Identifier	MOBI_DATA_CORRUPT		4239	0					
ANR	4542	ExpressionStatement	huffcdic -> symbol_offsets = malloc ( index_count * sizeof ( * huffcdic -> symbol_offsets ) )	661:8:25351:25433	4239	1	True				
ANR	4543	AssignmentExpression	huffcdic -> symbol_offsets = malloc ( index_count * sizeof ( * huffcdic -> symbol_offsets ) )		4239	0		=			
ANR	4544	PtrMemberAccess	huffcdic -> symbol_offsets		4239	0					
ANR	4545	Identifier	huffcdic		4239	0					
ANR	4546	Identifier	symbol_offsets		4239	1					
ANR	4547	CallExpression	malloc ( index_count * sizeof ( * huffcdic -> symbol_offsets ) )		4239	1					
ANR	4548	Callee	malloc		4239	0					
ANR	4549	Identifier	malloc		4239	0					
ANR	4550	ArgumentList	index_count * sizeof ( * huffcdic -> symbol_offsets )		4239	1					
ANR	4551	Argument	index_count * sizeof ( * huffcdic -> symbol_offsets )		4239	0					
ANR	4552	MultiplicativeExpression	index_count * sizeof ( * huffcdic -> symbol_offsets )		4239	0		*			
ANR	4553	Identifier	index_count		4239	0					
ANR	4554	SizeofExpression	sizeof ( * huffcdic -> symbol_offsets )		4239	1					
ANR	4555	Sizeof	sizeof		4239	0					
ANR	4556	UnaryOperationExpression	* huffcdic -> symbol_offsets		4239	1					
ANR	4557	UnaryOperator	*		4239	0					
ANR	4558	PtrMemberAccess	huffcdic -> symbol_offsets		4239	1					
ANR	4559	Identifier	huffcdic		4239	0					
ANR	4560	Identifier	symbol_offsets		4239	1					
ANR	4561	IfStatement	if ( huffcdic -> symbol_offsets == NULL )		4239	2					
ANR	4562	Condition	huffcdic -> symbol_offsets == NULL	662:12:25447:25478	4239	0	True				
ANR	4563	EqualityExpression	huffcdic -> symbol_offsets == NULL		4239	0		==			
ANR	4564	PtrMemberAccess	huffcdic -> symbol_offsets		4239	0					
ANR	4565	Identifier	huffcdic		4239	0					
ANR	4566	Identifier	symbol_offsets		4239	1					
ANR	4567	Identifier	NULL		4239	1					
ANR	4568	CompoundStatement		49:46:2292:2292	4239	1					
ANR	4569	ExpressionStatement	"debug_print ( ""%s"" , ""CDIC cannot allocate memory"" )"	663:12:25495:25543	4239	0	True				
ANR	4570	CallExpression	"debug_print ( ""%s"" , ""CDIC cannot allocate memory"" )"		4239	0					
ANR	4571	Callee	debug_print		4239	0					
ANR	4572	Identifier	debug_print		4239	0					
ANR	4573	ArgumentList	"""%s"""		4239	1					
ANR	4574	Argument	"""%s"""		4239	0					
ANR	4575	PrimaryExpression	"""%s"""		4239	0					
ANR	4576	Argument	"""CDIC cannot allocate memory"""		4239	1					
ANR	4577	PrimaryExpression	"""CDIC cannot allocate memory"""		4239	0					
ANR	4578	ExpressionStatement	mobi_buffer_free_null ( buf )	664:12:25557:25583	4239	1	True				
ANR	4579	CallExpression	mobi_buffer_free_null ( buf )		4239	0					
ANR	4580	Callee	mobi_buffer_free_null		4239	0					
ANR	4581	Identifier	mobi_buffer_free_null		4239	0					
ANR	4582	ArgumentList	buf		4239	1					
ANR	4583	Argument	buf		4239	0					
ANR	4584	Identifier	buf		4239	0					
ANR	4585	ReturnStatement	return MOBI_MALLOC_FAILED ;	665:12:25597:25622	4239	2	True				
ANR	4586	Identifier	MOBI_MALLOC_FAILED		4239	0					
ANR	4587	ExpressionStatement	index_count -= huffcdic -> index_read	668:4:25644:25679	4239	15	True				
ANR	4588	AssignmentExpression	index_count -= huffcdic -> index_read		4239	0		-=			
ANR	4589	Identifier	index_count		4239	0					
ANR	4590	PtrMemberAccess	huffcdic -> index_read		4239	1					
ANR	4591	Identifier	huffcdic		4239	0					
ANR	4592	Identifier	index_read		4239	1					
ANR	4593	IfStatement	if ( index_count >> code_length )		4239	16					
ANR	4594	Condition	index_count >> code_length	670:8:25748:25773	4239	0	True				
ANR	4595	ShiftExpression	index_count >> code_length		4239	0		>>			
ANR	4596	Identifier	index_count		4239	0					
ANR	4597	Identifier	code_length		4239	1					
ANR	4598	CompoundStatement		57:36:2587:2587	4239	1					
ANR	4599	ExpressionStatement	index_count = ( 1 << code_length )	671:8:25786:25818	4239	0	True				
ANR	4600	AssignmentExpression	index_count = ( 1 << code_length )		4239	0		=			
ANR	4601	Identifier	index_count		4239	0					
ANR	4602	ShiftExpression	1 << code_length		4239	1		<<			
ANR	4603	PrimaryExpression	1		4239	0					
ANR	4604	Identifier	code_length		4239	1					
ANR	4605	IfStatement	if ( buf -> offset + ( index_count * 2 ) > buf -> maxlen )		4239	17					
ANR	4606	Condition	buf -> offset + ( index_count * 2 ) > buf -> maxlen	673:8:25834:25878	4239	0	True				
ANR	4607	RelationalExpression	buf -> offset + ( index_count * 2 ) > buf -> maxlen		4239	0		>			
ANR	4608	AdditiveExpression	buf -> offset + ( index_count * 2 )		4239	0		+			
ANR	4609	PtrMemberAccess	buf -> offset		4239	0					
ANR	4610	Identifier	buf		4239	0					
ANR	4611	Identifier	offset		4239	1					
ANR	4612	MultiplicativeExpression	index_count * 2		4239	1		*			
ANR	4613	Identifier	index_count		4239	0					
ANR	4614	PrimaryExpression	2		4239	1					
ANR	4615	PtrMemberAccess	buf -> maxlen		4239	1					
ANR	4616	Identifier	buf		4239	0					
ANR	4617	Identifier	maxlen		4239	1					
ANR	4618	CompoundStatement		60:55:2692:2692	4239	1					
ANR	4619	ExpressionStatement	"debug_print ( ""%s"" , ""CDIC indices data too short\\n"" )"	674:8:25891:25941	4239	0	True				
ANR	4620	CallExpression	"debug_print ( ""%s"" , ""CDIC indices data too short\\n"" )"		4239	0					
ANR	4621	Callee	debug_print		4239	0					
ANR	4622	Identifier	debug_print		4239	0					
ANR	4623	ArgumentList	"""%s"""		4239	1					
ANR	4624	Argument	"""%s"""		4239	0					
ANR	4625	PrimaryExpression	"""%s"""		4239	0					
ANR	4626	Argument	"""CDIC indices data too short\\n"""		4239	1					
ANR	4627	PrimaryExpression	"""CDIC indices data too short\\n"""		4239	0					
ANR	4628	ExpressionStatement	mobi_buffer_free_null ( buf )	675:8:25951:25977	4239	1	True				
ANR	4629	CallExpression	mobi_buffer_free_null ( buf )		4239	0					
ANR	4630	Callee	mobi_buffer_free_null		4239	0					
ANR	4631	Identifier	mobi_buffer_free_null		4239	0					
ANR	4632	ArgumentList	buf		4239	1					
ANR	4633	Argument	buf		4239	0					
ANR	4634	Identifier	buf		4239	0					
ANR	4635	ReturnStatement	return MOBI_DATA_CORRUPT ;	676:8:25987:26011	4239	2	True				
ANR	4636	Identifier	MOBI_DATA_CORRUPT		4239	0					
ANR	4637	WhileStatement	while ( index_count -- )		4239	18					
ANR	4638	Condition	index_count --	679:11:26075:26087	4239	0	True				
ANR	4639	PostIncDecOperationExpression	index_count --		4239	0					
ANR	4640	Identifier	index_count		4239	0					
ANR	4641	IncDec	--		4239	1					
ANR	4642	CompoundStatement		70:8:3072:3122	4239	1					
ANR	4643	IdentifierDeclStatement	const uint16_t offset = mobi_buffer_get16 ( buf ) ;	680:8:26100:26146	4239	0	True				
ANR	4644	IdentifierDecl	offset = mobi_buffer_get16 ( buf )		4239	0					
ANR	4645	IdentifierDeclType	const uint16_t		4239	0					
ANR	4646	Identifier	offset		4239	1					
ANR	4647	AssignmentExpression	offset = mobi_buffer_get16 ( buf )		4239	2		=			
ANR	4648	Identifier	offset		4239	0					
ANR	4649	CallExpression	mobi_buffer_get16 ( buf )		4239	1					
ANR	4650	Callee	mobi_buffer_get16		4239	0					
ANR	4651	Identifier	mobi_buffer_get16		4239	0					
ANR	4652	ArgumentList	buf		4239	1					
ANR	4653	Argument	buf		4239	0					
ANR	4654	Identifier	buf		4239	0					
ANR	4655	IdentifierDeclStatement	const size_t saved_pos = buf -> offset ;	681:8:26156:26192	4239	1	True				
ANR	4656	IdentifierDecl	saved_pos = buf -> offset		4239	0					
ANR	4657	IdentifierDeclType	const size_t		4239	0					
ANR	4658	Identifier	saved_pos		4239	1					
ANR	4659	AssignmentExpression	saved_pos = buf -> offset		4239	2		=			
ANR	4660	Identifier	saved_pos		4239	0					
ANR	4661	PtrMemberAccess	buf -> offset		4239	1					
ANR	4662	Identifier	buf		4239	0					
ANR	4663	Identifier	offset		4239	1					
ANR	4664	ExpressionStatement	"mobi_buffer_setpos ( buf , offset + CDIC_HEADER_LEN )"	682:8:26202:26251	4239	2	True				
ANR	4665	CallExpression	"mobi_buffer_setpos ( buf , offset + CDIC_HEADER_LEN )"		4239	0					
ANR	4666	Callee	mobi_buffer_setpos		4239	0					
ANR	4667	Identifier	mobi_buffer_setpos		4239	0					
ANR	4668	ArgumentList	buf		4239	1					
ANR	4669	Argument	buf		4239	0					
ANR	4670	Identifier	buf		4239	0					
ANR	4671	Argument	offset + CDIC_HEADER_LEN		4239	1					
ANR	4672	AdditiveExpression	offset + CDIC_HEADER_LEN		4239	0		+			
ANR	4673	Identifier	offset		4239	0					
ANR	4674	Identifier	CDIC_HEADER_LEN		4239	1					
ANR	4675	IdentifierDeclStatement	const size_t len = mobi_buffer_get16 ( buf ) & 0x7fff ;	683:8:26261:26311	4239	3	True				
ANR	4676	IdentifierDecl	len = mobi_buffer_get16 ( buf ) & 0x7fff		4239	0					
ANR	4677	IdentifierDeclType	const size_t		4239	0					
ANR	4678	Identifier	len		4239	1					
ANR	4679	AssignmentExpression	len = mobi_buffer_get16 ( buf ) & 0x7fff		4239	2		=			
ANR	4680	Identifier	len		4239	0					
ANR	4681	BitAndExpression	mobi_buffer_get16 ( buf ) & 0x7fff		4239	1		&			
ANR	4682	CallExpression	mobi_buffer_get16 ( buf )		4239	0					
ANR	4683	Callee	mobi_buffer_get16		4239	0					
ANR	4684	Identifier	mobi_buffer_get16		4239	0					
ANR	4685	ArgumentList	buf		4239	1					
ANR	4686	Argument	buf		4239	0					
ANR	4687	Identifier	buf		4239	0					
ANR	4688	PrimaryExpression	0x7fff		4239	1					
ANR	4689	IfStatement	if ( buf -> error != MOBI_SUCCESS || buf -> offset + len > buf -> maxlen )		4239	4					
ANR	4690	Condition	buf -> error != MOBI_SUCCESS || buf -> offset + len > buf -> maxlen	684:12:26325:26385	4239	0	True				
ANR	4691	OrExpression	buf -> error != MOBI_SUCCESS || buf -> offset + len > buf -> maxlen		4239	0		||			
ANR	4692	EqualityExpression	buf -> error != MOBI_SUCCESS		4239	0		!=			
ANR	4693	PtrMemberAccess	buf -> error		4239	0					
ANR	4694	Identifier	buf		4239	0					
ANR	4695	Identifier	error		4239	1					
ANR	4696	Identifier	MOBI_SUCCESS		4239	1					
ANR	4697	RelationalExpression	buf -> offset + len > buf -> maxlen		4239	1		>			
ANR	4698	AdditiveExpression	buf -> offset + len		4239	0		+			
ANR	4699	PtrMemberAccess	buf -> offset		4239	0					
ANR	4700	Identifier	buf		4239	0					
ANR	4701	Identifier	offset		4239	1					
ANR	4702	Identifier	len		4239	1					
ANR	4703	PtrMemberAccess	buf -> maxlen		4239	1					
ANR	4704	Identifier	buf		4239	0					
ANR	4705	Identifier	maxlen		4239	1					
ANR	4706	CompoundStatement		71:75:3199:3199	4239	1					
ANR	4707	ExpressionStatement	"debug_print ( ""%s"" , ""CDIC offset beyond buffer\\n"" )"	685:12:26402:26450	4239	0	True				
ANR	4708	CallExpression	"debug_print ( ""%s"" , ""CDIC offset beyond buffer\\n"" )"		4239	0					
ANR	4709	Callee	debug_print		4239	0					
ANR	4710	Identifier	debug_print		4239	0					
ANR	4711	ArgumentList	"""%s"""		4239	1					
ANR	4712	Argument	"""%s"""		4239	0					
ANR	4713	PrimaryExpression	"""%s"""		4239	0					
ANR	4714	Argument	"""CDIC offset beyond buffer\\n"""		4239	1					
ANR	4715	PrimaryExpression	"""CDIC offset beyond buffer\\n"""		4239	0					
ANR	4716	ExpressionStatement	mobi_buffer_free_null ( buf )	686:12:26464:26490	4239	1	True				
ANR	4717	CallExpression	mobi_buffer_free_null ( buf )		4239	0					
ANR	4718	Callee	mobi_buffer_free_null		4239	0					
ANR	4719	Identifier	mobi_buffer_free_null		4239	0					
ANR	4720	ArgumentList	buf		4239	1					
ANR	4721	Argument	buf		4239	0					
ANR	4722	Identifier	buf		4239	0					
ANR	4723	ReturnStatement	return MOBI_DATA_CORRUPT ;	687:12:26504:26528	4239	2	True				
ANR	4724	Identifier	MOBI_DATA_CORRUPT		4239	0					
ANR	4725	ExpressionStatement	"mobi_buffer_setpos ( buf , saved_pos )"	689:8:26548:26582	4239	5	True				
ANR	4726	CallExpression	"mobi_buffer_setpos ( buf , saved_pos )"		4239	0					
ANR	4727	Callee	mobi_buffer_setpos		4239	0					
ANR	4728	Identifier	mobi_buffer_setpos		4239	0					
ANR	4729	ArgumentList	buf		4239	1					
ANR	4730	Argument	buf		4239	0					
ANR	4731	Identifier	buf		4239	0					
ANR	4732	Argument	saved_pos		4239	1					
ANR	4733	Identifier	saved_pos		4239	0					
ANR	4734	ExpressionStatement	huffcdic -> symbol_offsets [ huffcdic -> index_read ++ ] = offset	690:8:26592:26649	4239	6	True				
ANR	4735	AssignmentExpression	huffcdic -> symbol_offsets [ huffcdic -> index_read ++ ] = offset		4239	0		=			
ANR	4736	ArrayIndexing	huffcdic -> symbol_offsets [ huffcdic -> index_read ++ ]		4239	0					
ANR	4737	PtrMemberAccess	huffcdic -> symbol_offsets		4239	0					
ANR	4738	Identifier	huffcdic		4239	0					
ANR	4739	Identifier	symbol_offsets		4239	1					
ANR	4740	PostIncDecOperationExpression	huffcdic -> index_read ++		4239	1					
ANR	4741	PtrMemberAccess	huffcdic -> index_read		4239	0					
ANR	4742	Identifier	huffcdic		4239	0					
ANR	4743	Identifier	index_read		4239	1					
ANR	4744	IncDec	++		4239	1					
ANR	4745	Identifier	offset		4239	1					
ANR	4746	IfStatement	if ( buf -> offset + code_length > buf -> maxlen )		4239	19					
ANR	4747	Condition	buf -> offset + code_length > buf -> maxlen	692:8:26665:26703	4239	0	True				
ANR	4748	RelationalExpression	buf -> offset + code_length > buf -> maxlen		4239	0		>			
ANR	4749	AdditiveExpression	buf -> offset + code_length		4239	0		+			
ANR	4750	PtrMemberAccess	buf -> offset		4239	0					
ANR	4751	Identifier	buf		4239	0					
ANR	4752	Identifier	offset		4239	1					
ANR	4753	Identifier	code_length		4239	1					
ANR	4754	PtrMemberAccess	buf -> maxlen		4239	1					
ANR	4755	Identifier	buf		4239	0					
ANR	4756	Identifier	maxlen		4239	1					
ANR	4757	CompoundStatement		79:49:3517:3517	4239	1					
ANR	4758	ExpressionStatement	"debug_print ( ""%s"" , ""CDIC dictionary data too short\\n"" )"	693:8:26716:26769	4239	0	True				
ANR	4759	CallExpression	"debug_print ( ""%s"" , ""CDIC dictionary data too short\\n"" )"		4239	0					
ANR	4760	Callee	debug_print		4239	0					
ANR	4761	Identifier	debug_print		4239	0					
ANR	4762	ArgumentList	"""%s"""		4239	1					
ANR	4763	Argument	"""%s"""		4239	0					
ANR	4764	PrimaryExpression	"""%s"""		4239	0					
ANR	4765	Argument	"""CDIC dictionary data too short\\n"""		4239	1					
ANR	4766	PrimaryExpression	"""CDIC dictionary data too short\\n"""		4239	0					
ANR	4767	ExpressionStatement	mobi_buffer_free_null ( buf )	694:8:26779:26805	4239	1	True				
ANR	4768	CallExpression	mobi_buffer_free_null ( buf )		4239	0					
ANR	4769	Callee	mobi_buffer_free_null		4239	0					
ANR	4770	Identifier	mobi_buffer_free_null		4239	0					
ANR	4771	ArgumentList	buf		4239	1					
ANR	4772	Argument	buf		4239	0					
ANR	4773	Identifier	buf		4239	0					
ANR	4774	ReturnStatement	return MOBI_DATA_CORRUPT ;	695:8:26815:26839	4239	2	True				
ANR	4775	Identifier	MOBI_DATA_CORRUPT		4239	0					
ANR	4776	ExpressionStatement	huffcdic -> symbols [ num ] = record -> data + CDIC_HEADER_LEN	698:4:26882:26937	4239	20	True				
ANR	4777	AssignmentExpression	huffcdic -> symbols [ num ] = record -> data + CDIC_HEADER_LEN		4239	0		=			
ANR	4778	ArrayIndexing	huffcdic -> symbols [ num ]		4239	0					
ANR	4779	PtrMemberAccess	huffcdic -> symbols		4239	0					
ANR	4780	Identifier	huffcdic		4239	0					
ANR	4781	Identifier	symbols		4239	1					
ANR	4782	Identifier	num		4239	1					
ANR	4783	AdditiveExpression	record -> data + CDIC_HEADER_LEN		4239	1		+			
ANR	4784	PtrMemberAccess	record -> data		4239	0					
ANR	4785	Identifier	record		4239	0					
ANR	4786	Identifier	data		4239	1					
ANR	4787	Identifier	CDIC_HEADER_LEN		4239	1					
ANR	4788	ExpressionStatement	mobi_buffer_free_null ( buf )	700:4:26965:26991	4239	21	True				
ANR	4789	CallExpression	mobi_buffer_free_null ( buf )		4239	0					
ANR	4790	Callee	mobi_buffer_free_null		4239	0					
ANR	4791	Identifier	mobi_buffer_free_null		4239	0					
ANR	4792	ArgumentList	buf		4239	1					
ANR	4793	Argument	buf		4239	0					
ANR	4794	Identifier	buf		4239	0					
ANR	4795	ReturnStatement	return MOBI_SUCCESS ;	701:4:26997:27016	4239	22	True				
ANR	4796	Identifier	MOBI_SUCCESS		4239	0					
ANR	4797	ReturnType	MOBI_RET		4239	1					
ANR	4798	Identifier	mobi_parse_cdic		4239	2					
ANR	4799	ParameterList	"MOBIHuffCdic * huffcdic , const MOBIPdbRecord * record , const size_t num"		4239	3					
ANR	4800	Parameter	MOBIHuffCdic * huffcdic	614:25:23117:23138	4239	0	True				
ANR	4801	ParameterType	MOBIHuffCdic *		4239	0					
ANR	4802	Identifier	huffcdic		4239	1					
ANR	4803	Parameter	const MOBIPdbRecord * record	614:49:23141:23167	4239	1	True				
ANR	4804	ParameterType	const MOBIPdbRecord *		4239	0					
ANR	4805	Identifier	record		4239	1					
ANR	4806	Parameter	const size_t num	614:78:23170:23185	4239	2	True				
ANR	4807	ParameterType	const size_t		4239	0					
ANR	4808	Identifier	num		4239	1					
ANR	4809	CFGEntryNode	ENTRY		4239		True				
ANR	4810	CFGExitNode	EXIT		4239		True				
ANR	4811	Symbol	buf -> offset		4239						
ANR	4812	Symbol	HUFF_CODELEN_MAX		4239						
ANR	4813	Symbol	huffcdic		4239						
ANR	4814	Symbol	num		4239						
ANR	4815	Symbol	mobi_buffer_get32		4239						
ANR	4816	Symbol	MOBI_SUCCESS		4239						
ANR	4817	Symbol	mobi_buffer_init_null		4239						
ANR	4818	Symbol	strncmp		4239						
ANR	4819	Symbol	len		4239						
ANR	4820	Symbol	huffcdic -> index_count		4239						
ANR	4821	Symbol	record		4239						
ANR	4822	Symbol	* * huffcdic		4239						
ANR	4823	Symbol	* huffcdic		4239						
ANR	4824	Symbol	mobi_buffer_get16		4239						
ANR	4825	Symbol	CDIC_MAGIC		4239						
ANR	4826	Symbol	buf -> maxlen		4239						
ANR	4827	Symbol	huffcdic -> symbol_offsets		4239						
ANR	4828	Symbol	MOBI_DATA_CORRUPT		4239						
ANR	4829	Symbol	code_length		4239						
ANR	4830	Symbol	malloc		4239						
ANR	4831	Symbol	record -> uid		4239						
ANR	4832	Symbol	* buf		4239						
ANR	4833	Symbol	NULL		4239						
ANR	4834	Symbol	CDIC_RECORD_MAXCNT		4239						
ANR	4835	Symbol	offset		4239						
ANR	4836	Symbol	record -> size		4239						
ANR	4837	Symbol	huffcdic -> index_read		4239						
ANR	4838	Symbol	buf -> error		4239						
ANR	4839	Symbol	saved_pos		4239						
ANR	4840	Symbol	CDIC_HEADER_LEN		4239						
ANR	4841	Symbol	huffcdic -> symbols		4239						
ANR	4842	Symbol	* huffcdic -> symbols		4239						
ANR	4843	Symbol	* num		4239						
ANR	4844	Symbol	buf		4239						
ANR	4845	Symbol	header_length		4239						
ANR	4846	Symbol	record -> data		4239						
ANR	4847	Symbol	* record		4239						
ANR	4848	Symbol	cdic_magic		4239						
ANR	4849	Symbol	* huffcdic -> symbol_offsets		4239						
ANR	4850	Symbol	huffcdic -> code_length		4239						
ANR	4851	Symbol	MOBI_MALLOC_FAILED		4239						
ANR	4852	Symbol	index_count		4239						
ANR	4853	Function	mobi_parse_huffdic	711:0:27297:29228							
ANR	4854	FunctionDef	"mobi_parse_huffdic (const MOBIData * m , MOBIHuffCdic * huffcdic)"		4853	0					
ANR	4855	CompoundStatement		711:71:27368:29228	4853	0					
ANR	4856	IdentifierDeclStatement	MOBI_RET ret ;	712:4:27374:27386	4853	0	True				
ANR	4857	IdentifierDecl	ret		4853	0					
ANR	4858	IdentifierDeclType	MOBI_RET		4853	0					
ANR	4859	Identifier	ret		4853	1					
ANR	4860	IdentifierDeclStatement	const size_t offset = mobi_get_kf8offset ( m ) ;	713:4:27392:27435	4853	1	True				
ANR	4861	IdentifierDecl	offset = mobi_get_kf8offset ( m )		4853	0					
ANR	4862	IdentifierDeclType	const size_t		4853	0					
ANR	4863	Identifier	offset		4853	1					
ANR	4864	AssignmentExpression	offset = mobi_get_kf8offset ( m )		4853	2		=			
ANR	4865	Identifier	offset		4853	0					
ANR	4866	CallExpression	mobi_get_kf8offset ( m )		4853	1					
ANR	4867	Callee	mobi_get_kf8offset		4853	0					
ANR	4868	Identifier	mobi_get_kf8offset		4853	0					
ANR	4869	ArgumentList	m		4853	1					
ANR	4870	Argument	m		4853	0					
ANR	4871	Identifier	m		4853	0					
ANR	4872	IfStatement	if ( m -> mh == NULL || m -> mh -> huff_rec_index == NULL || m -> mh -> huff_rec_count == NULL )		4853	2					
ANR	4873	Condition	m -> mh == NULL || m -> mh -> huff_rec_index == NULL || m -> mh -> huff_rec_count == NULL	714:8:27445:27523	4853	0	True				
ANR	4874	OrExpression	m -> mh == NULL || m -> mh -> huff_rec_index == NULL || m -> mh -> huff_rec_count == NULL		4853	0		||			
ANR	4875	EqualityExpression	m -> mh == NULL		4853	0		==			
ANR	4876	PtrMemberAccess	m -> mh		4853	0					
ANR	4877	Identifier	m		4853	0					
ANR	4878	Identifier	mh		4853	1					
ANR	4879	Identifier	NULL		4853	1					
ANR	4880	OrExpression	m -> mh -> huff_rec_index == NULL || m -> mh -> huff_rec_count == NULL		4853	1		||			
ANR	4881	EqualityExpression	m -> mh -> huff_rec_index == NULL		4853	0		==			
ANR	4882	PtrMemberAccess	m -> mh -> huff_rec_index		4853	0					
ANR	4883	PtrMemberAccess	m -> mh		4853	0					
ANR	4884	Identifier	m		4853	0					
ANR	4885	Identifier	mh		4853	1					
ANR	4886	Identifier	huff_rec_index		4853	1					
ANR	4887	Identifier	NULL		4853	1					
ANR	4888	EqualityExpression	m -> mh -> huff_rec_count == NULL		4853	1		==			
ANR	4889	PtrMemberAccess	m -> mh -> huff_rec_count		4853	0					
ANR	4890	PtrMemberAccess	m -> mh		4853	0					
ANR	4891	Identifier	m		4853	0					
ANR	4892	Identifier	mh		4853	1					
ANR	4893	Identifier	huff_rec_count		4853	1					
ANR	4894	Identifier	NULL		4853	1					
ANR	4895	CompoundStatement		4:89:157:157	4853	1					
ANR	4896	ExpressionStatement	"debug_print ( ""%s"" , ""HUFF/CDIC records metadata not found in MOBI header\\n"" )"	715:8:27536:27610	4853	0	True				
ANR	4897	CallExpression	"debug_print ( ""%s"" , ""HUFF/CDIC records metadata not found in MOBI header\\n"" )"		4853	0					
ANR	4898	Callee	debug_print		4853	0					
ANR	4899	Identifier	debug_print		4853	0					
ANR	4900	ArgumentList	"""%s"""		4853	1					
ANR	4901	Argument	"""%s"""		4853	0					
ANR	4902	PrimaryExpression	"""%s"""		4853	0					
ANR	4903	Argument	"""HUFF/CDIC records metadata not found in MOBI header\\n"""		4853	1					
ANR	4904	PrimaryExpression	"""HUFF/CDIC records metadata not found in MOBI header\\n"""		4853	0					
ANR	4905	ReturnStatement	return MOBI_DATA_CORRUPT ;	716:8:27620:27644	4853	1	True				
ANR	4906	Identifier	MOBI_DATA_CORRUPT		4853	0					
ANR	4907	IdentifierDeclStatement	const size_t huff_rec_index = * m -> mh -> huff_rec_index + offset ;	718:4:27656:27717	4853	3	True				
ANR	4908	IdentifierDecl	huff_rec_index = * m -> mh -> huff_rec_index + offset		4853	0					
ANR	4909	IdentifierDeclType	const size_t		4853	0					
ANR	4910	Identifier	huff_rec_index		4853	1					
ANR	4911	AssignmentExpression	huff_rec_index = * m -> mh -> huff_rec_index + offset		4853	2		=			
ANR	4912	Identifier	huff_rec_index		4853	0					
ANR	4913	AdditiveExpression	* m -> mh -> huff_rec_index + offset		4853	1		+			
ANR	4914	UnaryOperationExpression	* m -> mh -> huff_rec_index		4853	0					
ANR	4915	UnaryOperator	*		4853	0					
ANR	4916	PtrMemberAccess	m -> mh -> huff_rec_index		4853	1					
ANR	4917	PtrMemberAccess	m -> mh		4853	0					
ANR	4918	Identifier	m		4853	0					
ANR	4919	Identifier	mh		4853	1					
ANR	4920	Identifier	huff_rec_index		4853	1					
ANR	4921	Identifier	offset		4853	1					
ANR	4922	IdentifierDeclStatement	const size_t huff_rec_count = * m -> mh -> huff_rec_count ;	719:4:27723:27775	4853	4	True				
ANR	4923	IdentifierDecl	huff_rec_count = * m -> mh -> huff_rec_count		4853	0					
ANR	4924	IdentifierDeclType	const size_t		4853	0					
ANR	4925	Identifier	huff_rec_count		4853	1					
ANR	4926	AssignmentExpression	huff_rec_count = * m -> mh -> huff_rec_count		4853	2		=			
ANR	4927	Identifier	huff_rec_count		4853	0					
ANR	4928	UnaryOperationExpression	* m -> mh -> huff_rec_count		4853	1					
ANR	4929	UnaryOperator	*		4853	0					
ANR	4930	PtrMemberAccess	m -> mh -> huff_rec_count		4853	1					
ANR	4931	PtrMemberAccess	m -> mh		4853	0					
ANR	4932	Identifier	m		4853	0					
ANR	4933	Identifier	mh		4853	1					
ANR	4934	Identifier	huff_rec_count		4853	1					
ANR	4935	IfStatement	if ( huff_rec_count > HUFF_RECORD_MAXCNT )		4853	5					
ANR	4936	Condition	huff_rec_count > HUFF_RECORD_MAXCNT	720:8:27785:27819	4853	0	True				
ANR	4937	RelationalExpression	huff_rec_count > HUFF_RECORD_MAXCNT		4853	0		>			
ANR	4938	Identifier	huff_rec_count		4853	0					
ANR	4939	Identifier	HUFF_RECORD_MAXCNT		4853	1					
ANR	4940	CompoundStatement		10:45:453:453	4853	1					
ANR	4941	ExpressionStatement	"debug_print ( ""Too many HUFF record (%zu)\\n"" , huff_rec_count )"	721:8:27832:27891	4853	0	True				
ANR	4942	CallExpression	"debug_print ( ""Too many HUFF record (%zu)\\n"" , huff_rec_count )"		4853	0					
ANR	4943	Callee	debug_print		4853	0					
ANR	4944	Identifier	debug_print		4853	0					
ANR	4945	ArgumentList	"""Too many HUFF record (%zu)\\n"""		4853	1					
ANR	4946	Argument	"""Too many HUFF record (%zu)\\n"""		4853	0					
ANR	4947	PrimaryExpression	"""Too many HUFF record (%zu)\\n"""		4853	0					
ANR	4948	Argument	huff_rec_count		4853	1					
ANR	4949	Identifier	huff_rec_count		4853	0					
ANR	4950	ReturnStatement	return MOBI_DATA_CORRUPT ;	722:8:27901:27925	4853	1	True				
ANR	4951	Identifier	MOBI_DATA_CORRUPT		4853	0					
ANR	4952	IdentifierDeclStatement	"const MOBIPdbRecord * curr = mobi_get_record_by_seqnumber ( m , huff_rec_index ) ;"	724:4:27937:28012	4853	6	True				
ANR	4953	IdentifierDecl	"* curr = mobi_get_record_by_seqnumber ( m , huff_rec_index )"		4853	0					
ANR	4954	IdentifierDeclType	const MOBIPdbRecord *		4853	0					
ANR	4955	Identifier	curr		4853	1					
ANR	4956	AssignmentExpression	"* curr = mobi_get_record_by_seqnumber ( m , huff_rec_index )"		4853	2		=			
ANR	4957	Identifier	curr		4853	0					
ANR	4958	CallExpression	"mobi_get_record_by_seqnumber ( m , huff_rec_index )"		4853	1					
ANR	4959	Callee	mobi_get_record_by_seqnumber		4853	0					
ANR	4960	Identifier	mobi_get_record_by_seqnumber		4853	0					
ANR	4961	ArgumentList	m		4853	1					
ANR	4962	Argument	m		4853	0					
ANR	4963	Identifier	m		4853	0					
ANR	4964	Argument	huff_rec_index		4853	1					
ANR	4965	Identifier	huff_rec_index		4853	0					
ANR	4966	IfStatement	if ( curr == NULL || huff_rec_count < 2 )		4853	7					
ANR	4967	Condition	curr == NULL || huff_rec_count < 2	725:8:28022:28055	4853	0	True				
ANR	4968	OrExpression	curr == NULL || huff_rec_count < 2		4853	0		||			
ANR	4969	EqualityExpression	curr == NULL		4853	0		==			
ANR	4970	Identifier	curr		4853	0					
ANR	4971	Identifier	NULL		4853	1					
ANR	4972	RelationalExpression	huff_rec_count < 2		4853	1		<			
ANR	4973	Identifier	huff_rec_count		4853	0					
ANR	4974	PrimaryExpression	2		4853	1					
ANR	4975	CompoundStatement		15:44:689:689	4853	1					
ANR	4976	ExpressionStatement	"debug_print ( ""%s"" , ""HUFF/CDIC record not found\\n"" )"	726:8:28068:28117	4853	0	True				
ANR	4977	CallExpression	"debug_print ( ""%s"" , ""HUFF/CDIC record not found\\n"" )"		4853	0					
ANR	4978	Callee	debug_print		4853	0					
ANR	4979	Identifier	debug_print		4853	0					
ANR	4980	ArgumentList	"""%s"""		4853	1					
ANR	4981	Argument	"""%s"""		4853	0					
ANR	4982	PrimaryExpression	"""%s"""		4853	0					
ANR	4983	Argument	"""HUFF/CDIC record not found\\n"""		4853	1					
ANR	4984	PrimaryExpression	"""HUFF/CDIC record not found\\n"""		4853	0					
ANR	4985	ReturnStatement	return MOBI_DATA_CORRUPT ;	727:8:28127:28151	4853	1	True				
ANR	4986	Identifier	MOBI_DATA_CORRUPT		4853	0					
ANR	4987	IfStatement	if ( curr -> size < HUFF_RECORD_MINSIZE )		4853	8					
ANR	4988	Condition	curr -> size < HUFF_RECORD_MINSIZE	729:8:28167:28198	4853	0	True				
ANR	4989	RelationalExpression	curr -> size < HUFF_RECORD_MINSIZE		4853	0		<			
ANR	4990	PtrMemberAccess	curr -> size		4853	0					
ANR	4991	Identifier	curr		4853	0					
ANR	4992	Identifier	size		4853	1					
ANR	4993	Identifier	HUFF_RECORD_MINSIZE		4853	1					
ANR	4994	CompoundStatement		19:42:832:832	4853	1					
ANR	4995	ExpressionStatement	"debug_print ( ""HUFF record too short (%zu b)\\n"" , curr -> size )"	730:8:28211:28269	4853	0	True				
ANR	4996	CallExpression	"debug_print ( ""HUFF record too short (%zu b)\\n"" , curr -> size )"		4853	0					
ANR	4997	Callee	debug_print		4853	0					
ANR	4998	Identifier	debug_print		4853	0					
ANR	4999	ArgumentList	"""HUFF record too short (%zu b)\\n"""		4853	1					
ANR	5000	Argument	"""HUFF record too short (%zu b)\\n"""		4853	0					
ANR	5001	PrimaryExpression	"""HUFF record too short (%zu b)\\n"""		4853	0					
ANR	5002	Argument	curr -> size		4853	1					
ANR	5003	PtrMemberAccess	curr -> size		4853	0					
ANR	5004	Identifier	curr		4853	0					
ANR	5005	Identifier	size		4853	1					
ANR	5006	ReturnStatement	return MOBI_DATA_CORRUPT ;	731:8:28279:28303	4853	1	True				
ANR	5007	Identifier	MOBI_DATA_CORRUPT		4853	0					
ANR	5008	ExpressionStatement	"ret = mobi_parse_huff ( huffcdic , curr )"	733:4:28315:28352	4853	9	True				
ANR	5009	AssignmentExpression	"ret = mobi_parse_huff ( huffcdic , curr )"		4853	0		=			
ANR	5010	Identifier	ret		4853	0					
ANR	5011	CallExpression	"mobi_parse_huff ( huffcdic , curr )"		4853	1					
ANR	5012	Callee	mobi_parse_huff		4853	0					
ANR	5013	Identifier	mobi_parse_huff		4853	0					
ANR	5014	ArgumentList	huffcdic		4853	1					
ANR	5015	Argument	huffcdic		4853	0					
ANR	5016	Identifier	huffcdic		4853	0					
ANR	5017	Argument	curr		4853	1					
ANR	5018	Identifier	curr		4853	0					
ANR	5019	IfStatement	if ( ret != MOBI_SUCCESS )		4853	10					
ANR	5020	Condition	ret != MOBI_SUCCESS	734:8:28362:28380	4853	0	True				
ANR	5021	EqualityExpression	ret != MOBI_SUCCESS		4853	0		!=			
ANR	5022	Identifier	ret		4853	0					
ANR	5023	Identifier	MOBI_SUCCESS		4853	1					
ANR	5024	CompoundStatement		24:29:1014:1014	4853	1					
ANR	5025	ExpressionStatement	"debug_print ( ""%s"" , ""HUFF parsing failed\\n"" )"	735:8:28393:28435	4853	0	True				
ANR	5026	CallExpression	"debug_print ( ""%s"" , ""HUFF parsing failed\\n"" )"		4853	0					
ANR	5027	Callee	debug_print		4853	0					
ANR	5028	Identifier	debug_print		4853	0					
ANR	5029	ArgumentList	"""%s"""		4853	1					
ANR	5030	Argument	"""%s"""		4853	0					
ANR	5031	PrimaryExpression	"""%s"""		4853	0					
ANR	5032	Argument	"""HUFF parsing failed\\n"""		4853	1					
ANR	5033	PrimaryExpression	"""HUFF parsing failed\\n"""		4853	0					
ANR	5034	ReturnStatement	return ret ;	736:8:28445:28455	4853	1	True				
ANR	5035	Identifier	ret		4853	0					
ANR	5036	ExpressionStatement	curr = curr -> next	738:4:28467:28484	4853	11	True				
ANR	5037	AssignmentExpression	curr = curr -> next		4853	0		=			
ANR	5038	Identifier	curr		4853	0					
ANR	5039	PtrMemberAccess	curr -> next		4853	1					
ANR	5040	Identifier	curr		4853	0					
ANR	5041	Identifier	next		4853	1					
ANR	5042	ExpressionStatement	huffcdic -> symbols = malloc ( ( huff_rec_count - 1 ) * sizeof ( * huffcdic -> symbols ) )	740:4:28553:28630	4853	12	True				
ANR	5043	AssignmentExpression	huffcdic -> symbols = malloc ( ( huff_rec_count - 1 ) * sizeof ( * huffcdic -> symbols ) )		4853	0		=			
ANR	5044	PtrMemberAccess	huffcdic -> symbols		4853	0					
ANR	5045	Identifier	huffcdic		4853	0					
ANR	5046	Identifier	symbols		4853	1					
ANR	5047	CallExpression	malloc ( ( huff_rec_count - 1 ) * sizeof ( * huffcdic -> symbols ) )		4853	1					
ANR	5048	Callee	malloc		4853	0					
ANR	5049	Identifier	malloc		4853	0					
ANR	5050	ArgumentList	( huff_rec_count - 1 ) * sizeof ( * huffcdic -> symbols )		4853	1					
ANR	5051	Argument	( huff_rec_count - 1 ) * sizeof ( * huffcdic -> symbols )		4853	0					
ANR	5052	MultiplicativeExpression	( huff_rec_count - 1 ) * sizeof ( * huffcdic -> symbols )		4853	0		*			
ANR	5053	AdditiveExpression	huff_rec_count - 1		4853	0		-			
ANR	5054	Identifier	huff_rec_count		4853	0					
ANR	5055	PrimaryExpression	1		4853	1					
ANR	5056	SizeofExpression	sizeof ( * huffcdic -> symbols )		4853	1					
ANR	5057	Sizeof	sizeof		4853	0					
ANR	5058	UnaryOperationExpression	* huffcdic -> symbols		4853	1					
ANR	5059	UnaryOperator	*		4853	0					
ANR	5060	PtrMemberAccess	huffcdic -> symbols		4853	1					
ANR	5061	Identifier	huffcdic		4853	0					
ANR	5062	Identifier	symbols		4853	1					
ANR	5063	IfStatement	if ( huffcdic -> symbols == NULL )		4853	13					
ANR	5064	Condition	huffcdic -> symbols == NULL	741:8:28640:28664	4853	0	True				
ANR	5065	EqualityExpression	huffcdic -> symbols == NULL		4853	0		==			
ANR	5066	PtrMemberAccess	huffcdic -> symbols		4853	0					
ANR	5067	Identifier	huffcdic		4853	0					
ANR	5068	Identifier	symbols		4853	1					
ANR	5069	Identifier	NULL		4853	1					
ANR	5070	CompoundStatement		31:35:1298:1298	4853	1					
ANR	5071	ExpressionStatement	"debug_print ( ""%s\\n"" , ""Memory allocation failed"" )"	742:8:28677:28724	4853	0	True				
ANR	5072	CallExpression	"debug_print ( ""%s\\n"" , ""Memory allocation failed"" )"		4853	0					
ANR	5073	Callee	debug_print		4853	0					
ANR	5074	Identifier	debug_print		4853	0					
ANR	5075	ArgumentList	"""%s\\n"""		4853	1					
ANR	5076	Argument	"""%s\\n"""		4853	0					
ANR	5077	PrimaryExpression	"""%s\\n"""		4853	0					
ANR	5078	Argument	"""Memory allocation failed"""		4853	1					
ANR	5079	PrimaryExpression	"""Memory allocation failed"""		4853	0					
ANR	5080	ReturnStatement	return MOBI_MALLOC_FAILED ;	743:8:28734:28759	4853	1	True				
ANR	5081	Identifier	MOBI_MALLOC_FAILED		4853	0					
ANR	5082	IdentifierDeclStatement	size_t i = 0 ;	746:4:28808:28820	4853	14	True				
ANR	5083	IdentifierDecl	i = 0		4853	0					
ANR	5084	IdentifierDeclType	size_t		4853	0					
ANR	5085	Identifier	i		4853	1					
ANR	5086	AssignmentExpression	i = 0		4853	2		=			
ANR	5087	Identifier	i		4853	0					
ANR	5088	PrimaryExpression	0		4853	1					
ANR	5089	WhileStatement	while ( i < huff_rec_count - 1 )		4853	15					
ANR	5090	Condition	i < huff_rec_count - 1	747:11:28833:28854	4853	0	True				
ANR	5091	RelationalExpression	i < huff_rec_count - 1		4853	0		<			
ANR	5092	Identifier	i		4853	0					
ANR	5093	AdditiveExpression	huff_rec_count - 1		4853	1		-			
ANR	5094	Identifier	huff_rec_count		4853	0					
ANR	5095	PrimaryExpression	1		4853	1					
ANR	5096	CompoundStatement		37:35:1488:1488	4853	1					
ANR	5097	IfStatement	if ( curr == NULL )		4853	0					
ANR	5098	Condition	curr == NULL	748:12:28871:28882	4853	0	True				
ANR	5099	EqualityExpression	curr == NULL		4853	0		==			
ANR	5100	Identifier	curr		4853	0					
ANR	5101	Identifier	NULL		4853	1					
ANR	5102	CompoundStatement		38:26:1516:1516	4853	1					
ANR	5103	ExpressionStatement	"debug_print ( ""%s\\n"" , ""CDIC record not found"" )"	749:12:28899:28943	4853	0	True				
ANR	5104	CallExpression	"debug_print ( ""%s\\n"" , ""CDIC record not found"" )"		4853	0					
ANR	5105	Callee	debug_print		4853	0					
ANR	5106	Identifier	debug_print		4853	0					
ANR	5107	ArgumentList	"""%s\\n"""		4853	1					
ANR	5108	Argument	"""%s\\n"""		4853	0					
ANR	5109	PrimaryExpression	"""%s\\n"""		4853	0					
ANR	5110	Argument	"""CDIC record not found"""		4853	1					
ANR	5111	PrimaryExpression	"""CDIC record not found"""		4853	0					
ANR	5112	ReturnStatement	return MOBI_DATA_CORRUPT ;	750:12:28957:28981	4853	1	True				
ANR	5113	Identifier	MOBI_DATA_CORRUPT		4853	0					
ANR	5114	ExpressionStatement	"ret = mobi_parse_cdic ( huffcdic , curr , i ++ )"	752:8:29001:29043	4853	1	True				
ANR	5115	AssignmentExpression	"ret = mobi_parse_cdic ( huffcdic , curr , i ++ )"		4853	0		=			
ANR	5116	Identifier	ret		4853	0					
ANR	5117	CallExpression	"mobi_parse_cdic ( huffcdic , curr , i ++ )"		4853	1					
ANR	5118	Callee	mobi_parse_cdic		4853	0					
ANR	5119	Identifier	mobi_parse_cdic		4853	0					
ANR	5120	ArgumentList	huffcdic		4853	1					
ANR	5121	Argument	huffcdic		4853	0					
ANR	5122	Identifier	huffcdic		4853	0					
ANR	5123	Argument	curr		4853	1					
ANR	5124	Identifier	curr		4853	0					
ANR	5125	Argument	i ++		4853	2					
ANR	5126	PostIncDecOperationExpression	i ++		4853	0					
ANR	5127	Identifier	i		4853	0					
ANR	5128	IncDec	++		4853	1					
ANR	5129	IfStatement	if ( ret != MOBI_SUCCESS )		4853	2					
ANR	5130	Condition	ret != MOBI_SUCCESS	753:12:29057:29075	4853	0	True				
ANR	5131	EqualityExpression	ret != MOBI_SUCCESS		4853	0		!=			
ANR	5132	Identifier	ret		4853	0					
ANR	5133	Identifier	MOBI_SUCCESS		4853	1					
ANR	5134	CompoundStatement		43:33:1709:1709	4853	1					
ANR	5135	ExpressionStatement	"debug_print ( ""%s"" , ""CDIC parsing failed\\n"" )"	754:12:29092:29134	4853	0	True				
ANR	5136	CallExpression	"debug_print ( ""%s"" , ""CDIC parsing failed\\n"" )"		4853	0					
ANR	5137	Callee	debug_print		4853	0					
ANR	5138	Identifier	debug_print		4853	0					
ANR	5139	ArgumentList	"""%s"""		4853	1					
ANR	5140	Argument	"""%s"""		4853	0					
ANR	5141	PrimaryExpression	"""%s"""		4853	0					
ANR	5142	Argument	"""CDIC parsing failed\\n"""		4853	1					
ANR	5143	PrimaryExpression	"""CDIC parsing failed\\n"""		4853	0					
ANR	5144	ReturnStatement	return ret ;	755:12:29148:29158	4853	1	True				
ANR	5145	Identifier	ret		4853	0					
ANR	5146	ExpressionStatement	curr = curr -> next	757:8:29178:29195	4853	3	True				
ANR	5147	AssignmentExpression	curr = curr -> next		4853	0		=			
ANR	5148	Identifier	curr		4853	0					
ANR	5149	PtrMemberAccess	curr -> next		4853	1					
ANR	5150	Identifier	curr		4853	0					
ANR	5151	Identifier	next		4853	1					
ANR	5152	ReturnStatement	return MOBI_SUCCESS ;	759:4:29207:29226	4853	16	True				
ANR	5153	Identifier	MOBI_SUCCESS		4853	0					
ANR	5154	ReturnType	MOBI_RET		4853	1					
ANR	5155	Identifier	mobi_parse_huffdic		4853	2					
ANR	5156	ParameterList	"const MOBIData * m , MOBIHuffCdic * huffcdic"		4853	3					
ANR	5157	Parameter	const MOBIData * m	711:28:27325:27341	4853	0	True				
ANR	5158	ParameterType	const MOBIData *		4853	0					
ANR	5159	Identifier	m		4853	1					
ANR	5160	Parameter	MOBIHuffCdic * huffcdic	711:47:27344:27365	4853	1	True				
ANR	5161	ParameterType	MOBIHuffCdic *		4853	0					
ANR	5162	Identifier	huffcdic		4853	1					
ANR	5163	CFGEntryNode	ENTRY		4853		True				
ANR	5164	CFGExitNode	EXIT		4853		True				
ANR	5165	Symbol	huffcdic		4853						
ANR	5166	Symbol	* * m -> mh		4853						
ANR	5167	Symbol	HUFF_RECORD_MAXCNT		4853						
ANR	5168	Symbol	MOBI_SUCCESS		4853						
ANR	5169	Symbol	m -> mh		4853						
ANR	5170	Symbol	curr -> next		4853						
ANR	5171	Symbol	* * huffcdic		4853						
ANR	5172	Symbol	* m -> mh		4853						
ANR	5173	Symbol	* huffcdic		4853						
ANR	5174	Symbol	curr		4853						
ANR	5175	Symbol	m -> mh -> huff_rec_index		4853						
ANR	5176	Symbol	* * m		4853						
ANR	5177	Symbol	ret		4853						
ANR	5178	Symbol	* m -> mh -> huff_rec_index		4853						
ANR	5179	Symbol	MOBI_DATA_CORRUPT		4853						
ANR	5180	Symbol	mobi_get_record_by_seqnumber		4853						
ANR	5181	Symbol	malloc		4853						
ANR	5182	Symbol	m -> mh -> huff_rec_count		4853						
ANR	5183	Symbol	mobi_parse_cdic		4853						
ANR	5184	Symbol	NULL		4853						
ANR	5185	Symbol	offset		4853						
ANR	5186	Symbol	huff_rec_index		4853						
ANR	5187	Symbol	HUFF_RECORD_MINSIZE		4853						
ANR	5188	Symbol	i		4853						
ANR	5189	Symbol	curr -> size		4853						
ANR	5190	Symbol	m		4853						
ANR	5191	Symbol	huff_rec_count		4853						
ANR	5192	Symbol	mobi_parse_huff		4853						
ANR	5193	Symbol	mobi_get_kf8offset		4853						
ANR	5194	Symbol	huffcdic -> symbols		4853						
ANR	5195	Symbol	* huffcdic -> symbols		4853						
ANR	5196	Symbol	* m -> mh -> huff_rec_count		4853						
ANR	5197	Symbol	* * * m		4853						
ANR	5198	Symbol	* curr		4853						
ANR	5199	Symbol	* m		4853						
ANR	5200	Symbol	MOBI_MALLOC_FAILED		4853						
ANR	5201	Function	mobi_parse_fdst	769:0:29497:32329							
ANR	5202	FunctionDef	"mobi_parse_fdst (const MOBIData * m , MOBIRawml * rawml)"		5201	0					
ANR	5203	CompoundStatement		769:62:29559:32329	5201	0					
ANR	5204	IfStatement	if ( m == NULL )		5201	0					
ANR	5205	Condition	m == NULL	770:8:29569:29577	5201	0	True				
ANR	5206	EqualityExpression	m == NULL		5201	0		==			
ANR	5207	Identifier	m		5201	0					
ANR	5208	Identifier	NULL		5201	1					
ANR	5209	CompoundStatement		2:19:20:20	5201	1					
ANR	5210	ExpressionStatement	"debug_print ( ""%s"" , ""Mobi structure not initialized\\n"" )"	771:8:29590:29643	5201	0	True				
ANR	5211	CallExpression	"debug_print ( ""%s"" , ""Mobi structure not initialized\\n"" )"		5201	0					
ANR	5212	Callee	debug_print		5201	0					
ANR	5213	Identifier	debug_print		5201	0					
ANR	5214	ArgumentList	"""%s"""		5201	1					
ANR	5215	Argument	"""%s"""		5201	0					
ANR	5216	PrimaryExpression	"""%s"""		5201	0					
ANR	5217	Argument	"""Mobi structure not initialized\\n"""		5201	1					
ANR	5218	PrimaryExpression	"""Mobi structure not initialized\\n"""		5201	0					
ANR	5219	ReturnStatement	return MOBI_INIT_FAILED ;	772:8:29653:29676	5201	1	True				
ANR	5220	Identifier	MOBI_INIT_FAILED		5201	0					
ANR	5221	IdentifierDeclStatement	const size_t fdst_record_number = mobi_get_fdst_record_number ( m ) ;	774:4:29688:29752	5201	1	True				
ANR	5222	IdentifierDecl	fdst_record_number = mobi_get_fdst_record_number ( m )		5201	0					
ANR	5223	IdentifierDeclType	const size_t		5201	0					
ANR	5224	Identifier	fdst_record_number		5201	1					
ANR	5225	AssignmentExpression	fdst_record_number = mobi_get_fdst_record_number ( m )		5201	2		=			
ANR	5226	Identifier	fdst_record_number		5201	0					
ANR	5227	CallExpression	mobi_get_fdst_record_number ( m )		5201	1					
ANR	5228	Callee	mobi_get_fdst_record_number		5201	0					
ANR	5229	Identifier	mobi_get_fdst_record_number		5201	0					
ANR	5230	ArgumentList	m		5201	1					
ANR	5231	Argument	m		5201	0					
ANR	5232	Identifier	m		5201	0					
ANR	5233	IfStatement	if ( fdst_record_number == MOBI_NOTSET )		5201	2					
ANR	5234	Condition	fdst_record_number == MOBI_NOTSET	775:8:29762:29794	5201	0	True				
ANR	5235	EqualityExpression	fdst_record_number == MOBI_NOTSET		5201	0		==			
ANR	5236	Identifier	fdst_record_number		5201	0					
ANR	5237	Identifier	MOBI_NOTSET		5201	1					
ANR	5238	CompoundStatement		7:43:237:237	5201	1					
ANR	5239	ReturnStatement	return MOBI_DATA_CORRUPT ;	776:8:29807:29831	5201	0	True				
ANR	5240	Identifier	MOBI_DATA_CORRUPT		5201	0					
ANR	5241	IdentifierDeclStatement	"const MOBIPdbRecord * fdst_record = mobi_get_record_by_seqnumber ( m , fdst_record_number ) ;"	778:4:29843:29929	5201	3	True				
ANR	5242	IdentifierDecl	"* fdst_record = mobi_get_record_by_seqnumber ( m , fdst_record_number )"		5201	0					
ANR	5243	IdentifierDeclType	const MOBIPdbRecord *		5201	0					
ANR	5244	Identifier	fdst_record		5201	1					
ANR	5245	AssignmentExpression	"* fdst_record = mobi_get_record_by_seqnumber ( m , fdst_record_number )"		5201	2		=			
ANR	5246	Identifier	fdst_record		5201	0					
ANR	5247	CallExpression	"mobi_get_record_by_seqnumber ( m , fdst_record_number )"		5201	1					
ANR	5248	Callee	mobi_get_record_by_seqnumber		5201	0					
ANR	5249	Identifier	mobi_get_record_by_seqnumber		5201	0					
ANR	5250	ArgumentList	m		5201	1					
ANR	5251	Argument	m		5201	0					
ANR	5252	Identifier	m		5201	0					
ANR	5253	Argument	fdst_record_number		5201	1					
ANR	5254	Identifier	fdst_record_number		5201	0					
ANR	5255	IfStatement	if ( fdst_record == NULL )		5201	4					
ANR	5256	Condition	fdst_record == NULL	779:8:29939:29957	5201	0	True				
ANR	5257	EqualityExpression	fdst_record == NULL		5201	0		==			
ANR	5258	Identifier	fdst_record		5201	0					
ANR	5259	Identifier	NULL		5201	1					
ANR	5260	CompoundStatement		11:29:400:400	5201	1					
ANR	5261	ReturnStatement	return MOBI_DATA_CORRUPT ;	780:8:29970:29994	5201	0	True				
ANR	5262	Identifier	MOBI_DATA_CORRUPT		5201	0					
ANR	5263	IdentifierDeclStatement	"MOBIBuffer * buf = mobi_buffer_init_null ( fdst_record -> data , fdst_record -> size ) ;"	782:4:30006:30083	5201	5	True				
ANR	5264	IdentifierDecl	"* buf = mobi_buffer_init_null ( fdst_record -> data , fdst_record -> size )"		5201	0					
ANR	5265	IdentifierDeclType	MOBIBuffer *		5201	0					
ANR	5266	Identifier	buf		5201	1					
ANR	5267	AssignmentExpression	"* buf = mobi_buffer_init_null ( fdst_record -> data , fdst_record -> size )"		5201	2		=			
ANR	5268	Identifier	buf		5201	0					
ANR	5269	CallExpression	"mobi_buffer_init_null ( fdst_record -> data , fdst_record -> size )"		5201	1					
ANR	5270	Callee	mobi_buffer_init_null		5201	0					
ANR	5271	Identifier	mobi_buffer_init_null		5201	0					
ANR	5272	ArgumentList	fdst_record -> data		5201	1					
ANR	5273	Argument	fdst_record -> data		5201	0					
ANR	5274	PtrMemberAccess	fdst_record -> data		5201	0					
ANR	5275	Identifier	fdst_record		5201	0					
ANR	5276	Identifier	data		5201	1					
ANR	5277	Argument	fdst_record -> size		5201	1					
ANR	5278	PtrMemberAccess	fdst_record -> size		5201	0					
ANR	5279	Identifier	fdst_record		5201	0					
ANR	5280	Identifier	size		5201	1					
ANR	5281	IfStatement	if ( buf == NULL )		5201	6					
ANR	5282	Condition	buf == NULL	783:8:30093:30103	5201	0	True				
ANR	5283	EqualityExpression	buf == NULL		5201	0		==			
ANR	5284	Identifier	buf		5201	0					
ANR	5285	Identifier	NULL		5201	1					
ANR	5286	CompoundStatement		15:21:546:546	5201	1					
ANR	5287	ExpressionStatement	"debug_print ( ""%s\\n"" , ""Memory allocation failed"" )"	784:8:30116:30163	5201	0	True				
ANR	5288	CallExpression	"debug_print ( ""%s\\n"" , ""Memory allocation failed"" )"		5201	0					
ANR	5289	Callee	debug_print		5201	0					
ANR	5290	Identifier	debug_print		5201	0					
ANR	5291	ArgumentList	"""%s\\n"""		5201	1					
ANR	5292	Argument	"""%s\\n"""		5201	0					
ANR	5293	PrimaryExpression	"""%s\\n"""		5201	0					
ANR	5294	Argument	"""Memory allocation failed"""		5201	1					
ANR	5295	PrimaryExpression	"""Memory allocation failed"""		5201	0					
ANR	5296	ReturnStatement	return MOBI_MALLOC_FAILED ;	785:8:30173:30198	5201	1	True				
ANR	5297	Identifier	MOBI_MALLOC_FAILED		5201	0					
ANR	5298	IdentifierDeclStatement	char fdst_magic [ 5 ] ;	787:4:30210:30228	5201	7	True				
ANR	5299	IdentifierDecl	fdst_magic [ 5 ]		5201	0					
ANR	5300	IdentifierDeclType	char [ 5 ]		5201	0					
ANR	5301	Identifier	fdst_magic		5201	1					
ANR	5302	PrimaryExpression	5		5201	2					
ANR	5303	ExpressionStatement	"mobi_buffer_getstring ( fdst_magic , buf , 4 )"	788:4:30234:30275	5201	8	True				
ANR	5304	CallExpression	"mobi_buffer_getstring ( fdst_magic , buf , 4 )"		5201	0					
ANR	5305	Callee	mobi_buffer_getstring		5201	0					
ANR	5306	Identifier	mobi_buffer_getstring		5201	0					
ANR	5307	ArgumentList	fdst_magic		5201	1					
ANR	5308	Argument	fdst_magic		5201	0					
ANR	5309	Identifier	fdst_magic		5201	0					
ANR	5310	Argument	buf		5201	1					
ANR	5311	Identifier	buf		5201	0					
ANR	5312	Argument	4		5201	2					
ANR	5313	PrimaryExpression	4		5201	0					
ANR	5314	IdentifierDeclStatement	const size_t data_offset = mobi_buffer_get32 ( buf ) ;	789:4:30281:30330	5201	9	True				
ANR	5315	IdentifierDecl	data_offset = mobi_buffer_get32 ( buf )		5201	0					
ANR	5316	IdentifierDeclType	const size_t		5201	0					
ANR	5317	Identifier	data_offset		5201	1					
ANR	5318	AssignmentExpression	data_offset = mobi_buffer_get32 ( buf )		5201	2		=			
ANR	5319	Identifier	data_offset		5201	0					
ANR	5320	CallExpression	mobi_buffer_get32 ( buf )		5201	1					
ANR	5321	Callee	mobi_buffer_get32		5201	0					
ANR	5322	Identifier	mobi_buffer_get32		5201	0					
ANR	5323	ArgumentList	buf		5201	1					
ANR	5324	Argument	buf		5201	0					
ANR	5325	Identifier	buf		5201	0					
ANR	5326	IdentifierDeclStatement	const size_t section_count = mobi_buffer_get32 ( buf ) ;	790:4:30336:30387	5201	10	True				
ANR	5327	IdentifierDecl	section_count = mobi_buffer_get32 ( buf )		5201	0					
ANR	5328	IdentifierDeclType	const size_t		5201	0					
ANR	5329	Identifier	section_count		5201	1					
ANR	5330	AssignmentExpression	section_count = mobi_buffer_get32 ( buf )		5201	2		=			
ANR	5331	Identifier	section_count		5201	0					
ANR	5332	CallExpression	mobi_buffer_get32 ( buf )		5201	1					
ANR	5333	Callee	mobi_buffer_get32		5201	0					
ANR	5334	Identifier	mobi_buffer_get32		5201	0					
ANR	5335	ArgumentList	buf		5201	1					
ANR	5336	Argument	buf		5201	0					
ANR	5337	Identifier	buf		5201	0					
ANR	5338	IfStatement	"if ( strncmp ( fdst_magic , FDST_MAGIC , 4 ) != 0 || section_count <= 1 || section_count != * m -> mh -> fdst_section_count || data_offset != 12 )"		5201	11					
ANR	5339	Condition	"strncmp ( fdst_magic , FDST_MAGIC , 4 ) != 0 || section_count <= 1 || section_count != * m -> mh -> fdst_section_count || data_offset != 12"	791:8:30397:30549	5201	0	True				
ANR	5340	OrExpression	"strncmp ( fdst_magic , FDST_MAGIC , 4 ) != 0 || section_count <= 1 || section_count != * m -> mh -> fdst_section_count || data_offset != 12"		5201	0		||			
ANR	5341	EqualityExpression	"strncmp ( fdst_magic , FDST_MAGIC , 4 ) != 0"		5201	0		!=			
ANR	5342	CallExpression	"strncmp ( fdst_magic , FDST_MAGIC , 4 )"		5201	0					
ANR	5343	Callee	strncmp		5201	0					
ANR	5344	Identifier	strncmp		5201	0					
ANR	5345	ArgumentList	fdst_magic		5201	1					
ANR	5346	Argument	fdst_magic		5201	0					
ANR	5347	Identifier	fdst_magic		5201	0					
ANR	5348	Argument	FDST_MAGIC		5201	1					
ANR	5349	Identifier	FDST_MAGIC		5201	0					
ANR	5350	Argument	4		5201	2					
ANR	5351	PrimaryExpression	4		5201	0					
ANR	5352	PrimaryExpression	0		5201	1					
ANR	5353	OrExpression	section_count <= 1 || section_count != * m -> mh -> fdst_section_count || data_offset != 12		5201	1		||			
ANR	5354	RelationalExpression	section_count <= 1		5201	0		<=			
ANR	5355	Identifier	section_count		5201	0					
ANR	5356	PrimaryExpression	1		5201	1					
ANR	5357	OrExpression	section_count != * m -> mh -> fdst_section_count || data_offset != 12		5201	1		||			
ANR	5358	EqualityExpression	section_count != * m -> mh -> fdst_section_count		5201	0		!=			
ANR	5359	Identifier	section_count		5201	0					
ANR	5360	UnaryOperationExpression	* m -> mh -> fdst_section_count		5201	1					
ANR	5361	UnaryOperator	*		5201	0					
ANR	5362	PtrMemberAccess	m -> mh -> fdst_section_count		5201	1					
ANR	5363	PtrMemberAccess	m -> mh		5201	0					
ANR	5364	Identifier	m		5201	0					
ANR	5365	Identifier	mh		5201	1					
ANR	5366	Identifier	fdst_section_count		5201	1					
ANR	5367	EqualityExpression	data_offset != 12		5201	1		!=			
ANR	5368	Identifier	data_offset		5201	0					
ANR	5369	PrimaryExpression	12		5201	1					
ANR	5370	CompoundStatement		26:27:992:992	5201	1					
ANR	5371	ExpressionStatement	"debug_print ( ""FDST wrong magic: %s, sections count: %zu or data offset: %zu\\n"" , fdst_magic , section_count , data_offset )"	795:8:30562:30680	5201	0	True				
ANR	5372	CallExpression	"debug_print ( ""FDST wrong magic: %s, sections count: %zu or data offset: %zu\\n"" , fdst_magic , section_count , data_offset )"		5201	0					
ANR	5373	Callee	debug_print		5201	0					
ANR	5374	Identifier	debug_print		5201	0					
ANR	5375	ArgumentList	"""FDST wrong magic: %s, sections count: %zu or data offset: %zu\\n"""		5201	1					
ANR	5376	Argument	"""FDST wrong magic: %s, sections count: %zu or data offset: %zu\\n"""		5201	0					
ANR	5377	PrimaryExpression	"""FDST wrong magic: %s, sections count: %zu or data offset: %zu\\n"""		5201	0					
ANR	5378	Argument	fdst_magic		5201	1					
ANR	5379	Identifier	fdst_magic		5201	0					
ANR	5380	Argument	section_count		5201	2					
ANR	5381	Identifier	section_count		5201	0					
ANR	5382	Argument	data_offset		5201	3					
ANR	5383	Identifier	data_offset		5201	0					
ANR	5384	ExpressionStatement	mobi_buffer_free_null ( buf )	796:8:30690:30716	5201	1	True				
ANR	5385	CallExpression	mobi_buffer_free_null ( buf )		5201	0					
ANR	5386	Callee	mobi_buffer_free_null		5201	0					
ANR	5387	Identifier	mobi_buffer_free_null		5201	0					
ANR	5388	ArgumentList	buf		5201	1					
ANR	5389	Argument	buf		5201	0					
ANR	5390	Identifier	buf		5201	0					
ANR	5391	ReturnStatement	return MOBI_DATA_CORRUPT ;	797:8:30726:30750	5201	2	True				
ANR	5392	Identifier	MOBI_DATA_CORRUPT		5201	0					
ANR	5393	IfStatement	if ( ( buf -> maxlen - buf -> offset ) < section_count * 8 )		5201	12					
ANR	5394	Condition	( buf -> maxlen - buf -> offset ) < section_count * 8	799:8:30766:30812	5201	0	True				
ANR	5395	RelationalExpression	( buf -> maxlen - buf -> offset ) < section_count * 8		5201	0		<			
ANR	5396	AdditiveExpression	buf -> maxlen - buf -> offset		5201	0		-			
ANR	5397	PtrMemberAccess	buf -> maxlen		5201	0					
ANR	5398	Identifier	buf		5201	0					
ANR	5399	Identifier	maxlen		5201	1					
ANR	5400	PtrMemberAccess	buf -> offset		5201	1					
ANR	5401	Identifier	buf		5201	0					
ANR	5402	Identifier	offset		5201	1					
ANR	5403	MultiplicativeExpression	section_count * 8		5201	1		*			
ANR	5404	Identifier	section_count		5201	0					
ANR	5405	PrimaryExpression	8		5201	1					
ANR	5406	CompoundStatement		31:57:1255:1255	5201	1					
ANR	5407	ExpressionStatement	"debug_print ( ""%s"" , ""Record FDST too short\\n"" )"	800:8:30825:30869	5201	0	True				
ANR	5408	CallExpression	"debug_print ( ""%s"" , ""Record FDST too short\\n"" )"		5201	0					
ANR	5409	Callee	debug_print		5201	0					
ANR	5410	Identifier	debug_print		5201	0					
ANR	5411	ArgumentList	"""%s"""		5201	1					
ANR	5412	Argument	"""%s"""		5201	0					
ANR	5413	PrimaryExpression	"""%s"""		5201	0					
ANR	5414	Argument	"""Record FDST too short\\n"""		5201	1					
ANR	5415	PrimaryExpression	"""Record FDST too short\\n"""		5201	0					
ANR	5416	ExpressionStatement	mobi_buffer_free_null ( buf )	801:8:30879:30905	5201	1	True				
ANR	5417	CallExpression	mobi_buffer_free_null ( buf )		5201	0					
ANR	5418	Callee	mobi_buffer_free_null		5201	0					
ANR	5419	Identifier	mobi_buffer_free_null		5201	0					
ANR	5420	ArgumentList	buf		5201	1					
ANR	5421	Argument	buf		5201	0					
ANR	5422	Identifier	buf		5201	0					
ANR	5423	ReturnStatement	return MOBI_DATA_CORRUPT ;	802:8:30915:30939	5201	2	True				
ANR	5424	Identifier	MOBI_DATA_CORRUPT		5201	0					
ANR	5425	ExpressionStatement	rawml -> fdst = malloc ( sizeof ( MOBIFdst ) )	804:4:30951:30989	5201	13	True				
ANR	5426	AssignmentExpression	rawml -> fdst = malloc ( sizeof ( MOBIFdst ) )		5201	0		=			
ANR	5427	PtrMemberAccess	rawml -> fdst		5201	0					
ANR	5428	Identifier	rawml		5201	0					
ANR	5429	Identifier	fdst		5201	1					
ANR	5430	CallExpression	malloc ( sizeof ( MOBIFdst ) )		5201	1					
ANR	5431	Callee	malloc		5201	0					
ANR	5432	Identifier	malloc		5201	0					
ANR	5433	ArgumentList	sizeof ( MOBIFdst )		5201	1					
ANR	5434	Argument	sizeof ( MOBIFdst )		5201	0					
ANR	5435	SizeofExpression	sizeof ( MOBIFdst )		5201	0					
ANR	5436	Sizeof	sizeof		5201	0					
ANR	5437	SizeofOperand	MOBIFdst		5201	1					
ANR	5438	IfStatement	if ( rawml -> fdst == NULL )		5201	14					
ANR	5439	Condition	rawml -> fdst == NULL	805:8:30999:31017	5201	0	True				
ANR	5440	EqualityExpression	rawml -> fdst == NULL		5201	0		==			
ANR	5441	PtrMemberAccess	rawml -> fdst		5201	0					
ANR	5442	Identifier	rawml		5201	0					
ANR	5443	Identifier	fdst		5201	1					
ANR	5444	Identifier	NULL		5201	1					
ANR	5445	CompoundStatement		37:29:1460:1460	5201	1					
ANR	5446	ExpressionStatement	"debug_print ( ""%s\\n"" , ""Memory allocation failed"" )"	806:8:31030:31077	5201	0	True				
ANR	5447	CallExpression	"debug_print ( ""%s\\n"" , ""Memory allocation failed"" )"		5201	0					
ANR	5448	Callee	debug_print		5201	0					
ANR	5449	Identifier	debug_print		5201	0					
ANR	5450	ArgumentList	"""%s\\n"""		5201	1					
ANR	5451	Argument	"""%s\\n"""		5201	0					
ANR	5452	PrimaryExpression	"""%s\\n"""		5201	0					
ANR	5453	Argument	"""Memory allocation failed"""		5201	1					
ANR	5454	PrimaryExpression	"""Memory allocation failed"""		5201	0					
ANR	5455	ExpressionStatement	mobi_buffer_free_null ( buf )	807:8:31087:31113	5201	1	True				
ANR	5456	CallExpression	mobi_buffer_free_null ( buf )		5201	0					
ANR	5457	Callee	mobi_buffer_free_null		5201	0					
ANR	5458	Identifier	mobi_buffer_free_null		5201	0					
ANR	5459	ArgumentList	buf		5201	1					
ANR	5460	Argument	buf		5201	0					
ANR	5461	Identifier	buf		5201	0					
ANR	5462	ReturnStatement	return MOBI_MALLOC_FAILED ;	808:8:31123:31148	5201	2	True				
ANR	5463	Identifier	MOBI_MALLOC_FAILED		5201	0					
ANR	5464	ExpressionStatement	rawml -> fdst -> fdst_section_count = section_count	810:4:31160:31207	5201	15	True				
ANR	5465	AssignmentExpression	rawml -> fdst -> fdst_section_count = section_count		5201	0		=			
ANR	5466	PtrMemberAccess	rawml -> fdst -> fdst_section_count		5201	0					
ANR	5467	PtrMemberAccess	rawml -> fdst		5201	0					
ANR	5468	Identifier	rawml		5201	0					
ANR	5469	Identifier	fdst		5201	1					
ANR	5470	Identifier	fdst_section_count		5201	1					
ANR	5471	Identifier	section_count		5201	1					
ANR	5472	ExpressionStatement	rawml -> fdst -> fdst_section_starts = malloc ( sizeof ( * rawml -> fdst -> fdst_section_starts ) * section_count )	811:4:31213:31313	5201	16	True				
ANR	5473	AssignmentExpression	rawml -> fdst -> fdst_section_starts = malloc ( sizeof ( * rawml -> fdst -> fdst_section_starts ) * section_count )		5201	0		=			
ANR	5474	PtrMemberAccess	rawml -> fdst -> fdst_section_starts		5201	0					
ANR	5475	PtrMemberAccess	rawml -> fdst		5201	0					
ANR	5476	Identifier	rawml		5201	0					
ANR	5477	Identifier	fdst		5201	1					
ANR	5478	Identifier	fdst_section_starts		5201	1					
ANR	5479	CallExpression	malloc ( sizeof ( * rawml -> fdst -> fdst_section_starts ) * section_count )		5201	1					
ANR	5480	Callee	malloc		5201	0					
ANR	5481	Identifier	malloc		5201	0					
ANR	5482	ArgumentList	sizeof ( * rawml -> fdst -> fdst_section_starts ) * section_count		5201	1					
ANR	5483	Argument	sizeof ( * rawml -> fdst -> fdst_section_starts ) * section_count		5201	0					
ANR	5484	MultiplicativeExpression	sizeof ( * rawml -> fdst -> fdst_section_starts ) * section_count		5201	0		*			
ANR	5485	SizeofExpression	sizeof ( * rawml -> fdst -> fdst_section_starts )		5201	0					
ANR	5486	Sizeof	sizeof		5201	0					
ANR	5487	UnaryOperationExpression	* rawml -> fdst -> fdst_section_starts		5201	1					
ANR	5488	UnaryOperator	*		5201	0					
ANR	5489	PtrMemberAccess	rawml -> fdst -> fdst_section_starts		5201	1					
ANR	5490	PtrMemberAccess	rawml -> fdst		5201	0					
ANR	5491	Identifier	rawml		5201	0					
ANR	5492	Identifier	fdst		5201	1					
ANR	5493	Identifier	fdst_section_starts		5201	1					
ANR	5494	Identifier	section_count		5201	1					
ANR	5495	IfStatement	if ( rawml -> fdst -> fdst_section_starts == NULL )		5201	17					
ANR	5496	Condition	rawml -> fdst -> fdst_section_starts == NULL	812:8:31323:31362	5201	0	True				
ANR	5497	EqualityExpression	rawml -> fdst -> fdst_section_starts == NULL		5201	0		==			
ANR	5498	PtrMemberAccess	rawml -> fdst -> fdst_section_starts		5201	0					
ANR	5499	PtrMemberAccess	rawml -> fdst		5201	0					
ANR	5500	Identifier	rawml		5201	0					
ANR	5501	Identifier	fdst		5201	1					
ANR	5502	Identifier	fdst_section_starts		5201	1					
ANR	5503	Identifier	NULL		5201	1					
ANR	5504	CompoundStatement		44:50:1805:1805	5201	1					
ANR	5505	ExpressionStatement	"debug_print ( ""%s\\n"" , ""Memory allocation failed"" )"	813:8:31375:31422	5201	0	True				
ANR	5506	CallExpression	"debug_print ( ""%s\\n"" , ""Memory allocation failed"" )"		5201	0					
ANR	5507	Callee	debug_print		5201	0					
ANR	5508	Identifier	debug_print		5201	0					
ANR	5509	ArgumentList	"""%s\\n"""		5201	1					
ANR	5510	Argument	"""%s\\n"""		5201	0					
ANR	5511	PrimaryExpression	"""%s\\n"""		5201	0					
ANR	5512	Argument	"""Memory allocation failed"""		5201	1					
ANR	5513	PrimaryExpression	"""Memory allocation failed"""		5201	0					
ANR	5514	ExpressionStatement	mobi_buffer_free_null ( buf )	814:8:31432:31458	5201	1	True				
ANR	5515	CallExpression	mobi_buffer_free_null ( buf )		5201	0					
ANR	5516	Callee	mobi_buffer_free_null		5201	0					
ANR	5517	Identifier	mobi_buffer_free_null		5201	0					
ANR	5518	ArgumentList	buf		5201	1					
ANR	5519	Argument	buf		5201	0					
ANR	5520	Identifier	buf		5201	0					
ANR	5521	ExpressionStatement	free ( rawml -> fdst )	815:8:31468:31485	5201	2	True				
ANR	5522	CallExpression	free ( rawml -> fdst )		5201	0					
ANR	5523	Callee	free		5201	0					
ANR	5524	Identifier	free		5201	0					
ANR	5525	ArgumentList	rawml -> fdst		5201	1					
ANR	5526	Argument	rawml -> fdst		5201	0					
ANR	5527	PtrMemberAccess	rawml -> fdst		5201	0					
ANR	5528	Identifier	rawml		5201	0					
ANR	5529	Identifier	fdst		5201	1					
ANR	5530	ExpressionStatement	rawml -> fdst = NULL	816:8:31495:31513	5201	3	True				
ANR	5531	AssignmentExpression	rawml -> fdst = NULL		5201	0		=			
ANR	5532	PtrMemberAccess	rawml -> fdst		5201	0					
ANR	5533	Identifier	rawml		5201	0					
ANR	5534	Identifier	fdst		5201	1					
ANR	5535	Identifier	NULL		5201	1					
ANR	5536	ReturnStatement	return MOBI_MALLOC_FAILED ;	817:8:31523:31548	5201	4	True				
ANR	5537	Identifier	MOBI_MALLOC_FAILED		5201	0					
ANR	5538	ExpressionStatement	rawml -> fdst -> fdst_section_ends = malloc ( sizeof ( * rawml -> fdst -> fdst_section_ends ) * section_count )	819:4:31560:31656	5201	18	True				
ANR	5539	AssignmentExpression	rawml -> fdst -> fdst_section_ends = malloc ( sizeof ( * rawml -> fdst -> fdst_section_ends ) * section_count )		5201	0		=			
ANR	5540	PtrMemberAccess	rawml -> fdst -> fdst_section_ends		5201	0					
ANR	5541	PtrMemberAccess	rawml -> fdst		5201	0					
ANR	5542	Identifier	rawml		5201	0					
ANR	5543	Identifier	fdst		5201	1					
ANR	5544	Identifier	fdst_section_ends		5201	1					
ANR	5545	CallExpression	malloc ( sizeof ( * rawml -> fdst -> fdst_section_ends ) * section_count )		5201	1					
ANR	5546	Callee	malloc		5201	0					
ANR	5547	Identifier	malloc		5201	0					
ANR	5548	ArgumentList	sizeof ( * rawml -> fdst -> fdst_section_ends ) * section_count		5201	1					
ANR	5549	Argument	sizeof ( * rawml -> fdst -> fdst_section_ends ) * section_count		5201	0					
ANR	5550	MultiplicativeExpression	sizeof ( * rawml -> fdst -> fdst_section_ends ) * section_count		5201	0		*			
ANR	5551	SizeofExpression	sizeof ( * rawml -> fdst -> fdst_section_ends )		5201	0					
ANR	5552	Sizeof	sizeof		5201	0					
ANR	5553	UnaryOperationExpression	* rawml -> fdst -> fdst_section_ends		5201	1					
ANR	5554	UnaryOperator	*		5201	0					
ANR	5555	PtrMemberAccess	rawml -> fdst -> fdst_section_ends		5201	1					
ANR	5556	PtrMemberAccess	rawml -> fdst		5201	0					
ANR	5557	Identifier	rawml		5201	0					
ANR	5558	Identifier	fdst		5201	1					
ANR	5559	Identifier	fdst_section_ends		5201	1					
ANR	5560	Identifier	section_count		5201	1					
ANR	5561	IfStatement	if ( rawml -> fdst -> fdst_section_ends == NULL )		5201	19					
ANR	5562	Condition	rawml -> fdst -> fdst_section_ends == NULL	820:8:31666:31703	5201	0	True				
ANR	5563	EqualityExpression	rawml -> fdst -> fdst_section_ends == NULL		5201	0		==			
ANR	5564	PtrMemberAccess	rawml -> fdst -> fdst_section_ends		5201	0					
ANR	5565	PtrMemberAccess	rawml -> fdst		5201	0					
ANR	5566	Identifier	rawml		5201	0					
ANR	5567	Identifier	fdst		5201	1					
ANR	5568	Identifier	fdst_section_ends		5201	1					
ANR	5569	Identifier	NULL		5201	1					
ANR	5570	CompoundStatement		52:48:2146:2146	5201	1					
ANR	5571	ExpressionStatement	"debug_print ( ""%s\\n"" , ""Memory allocation failed"" )"	821:8:31716:31763	5201	0	True				
ANR	5572	CallExpression	"debug_print ( ""%s\\n"" , ""Memory allocation failed"" )"		5201	0					
ANR	5573	Callee	debug_print		5201	0					
ANR	5574	Identifier	debug_print		5201	0					
ANR	5575	ArgumentList	"""%s\\n"""		5201	1					
ANR	5576	Argument	"""%s\\n"""		5201	0					
ANR	5577	PrimaryExpression	"""%s\\n"""		5201	0					
ANR	5578	Argument	"""Memory allocation failed"""		5201	1					
ANR	5579	PrimaryExpression	"""Memory allocation failed"""		5201	0					
ANR	5580	ExpressionStatement	mobi_buffer_free_null ( buf )	822:8:31773:31799	5201	1	True				
ANR	5581	CallExpression	mobi_buffer_free_null ( buf )		5201	0					
ANR	5582	Callee	mobi_buffer_free_null		5201	0					
ANR	5583	Identifier	mobi_buffer_free_null		5201	0					
ANR	5584	ArgumentList	buf		5201	1					
ANR	5585	Argument	buf		5201	0					
ANR	5586	Identifier	buf		5201	0					
ANR	5587	ExpressionStatement	free ( rawml -> fdst -> fdst_section_starts )	823:8:31809:31847	5201	2	True				
ANR	5588	CallExpression	free ( rawml -> fdst -> fdst_section_starts )		5201	0					
ANR	5589	Callee	free		5201	0					
ANR	5590	Identifier	free		5201	0					
ANR	5591	ArgumentList	rawml -> fdst -> fdst_section_starts		5201	1					
ANR	5592	Argument	rawml -> fdst -> fdst_section_starts		5201	0					
ANR	5593	PtrMemberAccess	rawml -> fdst -> fdst_section_starts		5201	0					
ANR	5594	PtrMemberAccess	rawml -> fdst		5201	0					
ANR	5595	Identifier	rawml		5201	0					
ANR	5596	Identifier	fdst		5201	1					
ANR	5597	Identifier	fdst_section_starts		5201	1					
ANR	5598	ExpressionStatement	free ( rawml -> fdst )	824:8:31857:31874	5201	3	True				
ANR	5599	CallExpression	free ( rawml -> fdst )		5201	0					
ANR	5600	Callee	free		5201	0					
ANR	5601	Identifier	free		5201	0					
ANR	5602	ArgumentList	rawml -> fdst		5201	1					
ANR	5603	Argument	rawml -> fdst		5201	0					
ANR	5604	PtrMemberAccess	rawml -> fdst		5201	0					
ANR	5605	Identifier	rawml		5201	0					
ANR	5606	Identifier	fdst		5201	1					
ANR	5607	ExpressionStatement	rawml -> fdst = NULL	825:8:31884:31902	5201	4	True				
ANR	5608	AssignmentExpression	rawml -> fdst = NULL		5201	0		=			
ANR	5609	PtrMemberAccess	rawml -> fdst		5201	0					
ANR	5610	Identifier	rawml		5201	0					
ANR	5611	Identifier	fdst		5201	1					
ANR	5612	Identifier	NULL		5201	1					
ANR	5613	ReturnStatement	return MOBI_MALLOC_FAILED ;	826:8:31912:31937	5201	5	True				
ANR	5614	Identifier	MOBI_MALLOC_FAILED		5201	0					
ANR	5615	IdentifierDeclStatement	size_t i = 0 ;	828:4:31949:31961	5201	20	True				
ANR	5616	IdentifierDecl	i = 0		5201	0					
ANR	5617	IdentifierDeclType	size_t		5201	0					
ANR	5618	Identifier	i		5201	1					
ANR	5619	AssignmentExpression	i = 0		5201	2		=			
ANR	5620	Identifier	i		5201	0					
ANR	5621	PrimaryExpression	0		5201	1					
ANR	5622	WhileStatement	while ( i < section_count )		5201	21					
ANR	5623	Condition	i < section_count	829:11:31974:31990	5201	0	True				
ANR	5624	RelationalExpression	i < section_count		5201	0		<			
ANR	5625	Identifier	i		5201	0					
ANR	5626	Identifier	section_count		5201	1					
ANR	5627	CompoundStatement		61:30:2433:2433	5201	1					
ANR	5628	ExpressionStatement	rawml -> fdst -> fdst_section_starts [ i ] = mobi_buffer_get32 ( buf )	830:8:32003:32063	5201	0	True				
ANR	5629	AssignmentExpression	rawml -> fdst -> fdst_section_starts [ i ] = mobi_buffer_get32 ( buf )		5201	0		=			
ANR	5630	ArrayIndexing	rawml -> fdst -> fdst_section_starts [ i ]		5201	0					
ANR	5631	PtrMemberAccess	rawml -> fdst -> fdst_section_starts		5201	0					
ANR	5632	PtrMemberAccess	rawml -> fdst		5201	0					
ANR	5633	Identifier	rawml		5201	0					
ANR	5634	Identifier	fdst		5201	1					
ANR	5635	Identifier	fdst_section_starts		5201	1					
ANR	5636	Identifier	i		5201	1					
ANR	5637	CallExpression	mobi_buffer_get32 ( buf )		5201	1					
ANR	5638	Callee	mobi_buffer_get32		5201	0					
ANR	5639	Identifier	mobi_buffer_get32		5201	0					
ANR	5640	ArgumentList	buf		5201	1					
ANR	5641	Argument	buf		5201	0					
ANR	5642	Identifier	buf		5201	0					
ANR	5643	ExpressionStatement	rawml -> fdst -> fdst_section_ends [ i ] = mobi_buffer_get32 ( buf )	831:8:32073:32131	5201	1	True				
ANR	5644	AssignmentExpression	rawml -> fdst -> fdst_section_ends [ i ] = mobi_buffer_get32 ( buf )		5201	0		=			
ANR	5645	ArrayIndexing	rawml -> fdst -> fdst_section_ends [ i ]		5201	0					
ANR	5646	PtrMemberAccess	rawml -> fdst -> fdst_section_ends		5201	0					
ANR	5647	PtrMemberAccess	rawml -> fdst		5201	0					
ANR	5648	Identifier	rawml		5201	0					
ANR	5649	Identifier	fdst		5201	1					
ANR	5650	Identifier	fdst_section_ends		5201	1					
ANR	5651	Identifier	i		5201	1					
ANR	5652	CallExpression	mobi_buffer_get32 ( buf )		5201	1					
ANR	5653	Callee	mobi_buffer_get32		5201	0					
ANR	5654	Identifier	mobi_buffer_get32		5201	0					
ANR	5655	ArgumentList	buf		5201	1					
ANR	5656	Argument	buf		5201	0					
ANR	5657	Identifier	buf		5201	0					
ANR	5658	ExpressionStatement	"debug_print ( ""FDST[%zu]:\\t%i\\t%i\\n"" , i , rawml -> fdst -> fdst_section_starts [ i ] , rawml -> fdst -> fdst_section_ends [ i ] )"	832:8:32141:32251	5201	2	True				
ANR	5659	CallExpression	"debug_print ( ""FDST[%zu]:\\t%i\\t%i\\n"" , i , rawml -> fdst -> fdst_section_starts [ i ] , rawml -> fdst -> fdst_section_ends [ i ] )"		5201	0					
ANR	5660	Callee	debug_print		5201	0					
ANR	5661	Identifier	debug_print		5201	0					
ANR	5662	ArgumentList	"""FDST[%zu]:\\t%i\\t%i\\n"""		5201	1					
ANR	5663	Argument	"""FDST[%zu]:\\t%i\\t%i\\n"""		5201	0					
ANR	5664	PrimaryExpression	"""FDST[%zu]:\\t%i\\t%i\\n"""		5201	0					
ANR	5665	Argument	i		5201	1					
ANR	5666	Identifier	i		5201	0					
ANR	5667	Argument	rawml -> fdst -> fdst_section_starts [ i ]		5201	2					
ANR	5668	ArrayIndexing	rawml -> fdst -> fdst_section_starts [ i ]		5201	0					
ANR	5669	PtrMemberAccess	rawml -> fdst -> fdst_section_starts		5201	0					
ANR	5670	PtrMemberAccess	rawml -> fdst		5201	0					
ANR	5671	Identifier	rawml		5201	0					
ANR	5672	Identifier	fdst		5201	1					
ANR	5673	Identifier	fdst_section_starts		5201	1					
ANR	5674	Identifier	i		5201	1					
ANR	5675	Argument	rawml -> fdst -> fdst_section_ends [ i ]		5201	3					
ANR	5676	ArrayIndexing	rawml -> fdst -> fdst_section_ends [ i ]		5201	0					
ANR	5677	PtrMemberAccess	rawml -> fdst -> fdst_section_ends		5201	0					
ANR	5678	PtrMemberAccess	rawml -> fdst		5201	0					
ANR	5679	Identifier	rawml		5201	0					
ANR	5680	Identifier	fdst		5201	1					
ANR	5681	Identifier	fdst_section_ends		5201	1					
ANR	5682	Identifier	i		5201	1					
ANR	5683	ExpressionStatement	i ++	833:8:32261:32264	5201	3	True				
ANR	5684	PostIncDecOperationExpression	i ++		5201	0					
ANR	5685	Identifier	i		5201	0					
ANR	5686	IncDec	++		5201	1					
ANR	5687	ExpressionStatement	mobi_buffer_free_null ( buf )	835:4:32276:32302	5201	22	True				
ANR	5688	CallExpression	mobi_buffer_free_null ( buf )		5201	0					
ANR	5689	Callee	mobi_buffer_free_null		5201	0					
ANR	5690	Identifier	mobi_buffer_free_null		5201	0					
ANR	5691	ArgumentList	buf		5201	1					
ANR	5692	Argument	buf		5201	0					
ANR	5693	Identifier	buf		5201	0					
ANR	5694	ReturnStatement	return MOBI_SUCCESS ;	836:4:32308:32327	5201	23	True				
ANR	5695	Identifier	MOBI_SUCCESS		5201	0					
ANR	5696	ReturnType	MOBI_RET		5201	1					
ANR	5697	Identifier	mobi_parse_fdst		5201	2					
ANR	5698	ParameterList	"const MOBIData * m , MOBIRawml * rawml"		5201	3					
ANR	5699	Parameter	const MOBIData * m	769:25:29522:29538	5201	0	True				
ANR	5700	ParameterType	const MOBIData *		5201	0					
ANR	5701	Identifier	m		5201	1					
ANR	5702	Parameter	MOBIRawml * rawml	769:44:29541:29556	5201	1	True				
ANR	5703	ParameterType	MOBIRawml *		5201	0					
ANR	5704	Identifier	rawml		5201	1					
ANR	5705	CFGEntryNode	ENTRY		5201		True				
ANR	5706	CFGExitNode	EXIT		5201		True				
ANR	5707	Symbol	buf -> offset		5201						
ANR	5708	Symbol	* fdst_record		5201						
ANR	5709	Symbol	* rawml		5201						
ANR	5710	Symbol	mobi_buffer_get32		5201						
ANR	5711	Symbol	* * m -> mh		5201						
ANR	5712	Symbol	MOBI_SUCCESS		5201						
ANR	5713	Symbol	mobi_buffer_init_null		5201						
ANR	5714	Symbol	* * * rawml		5201						
ANR	5715	Symbol	* rawml -> fdst -> fdst_section_ends		5201						
ANR	5716	Symbol	* m -> mh -> fdst_section_count		5201						
ANR	5717	Symbol	m -> mh		5201						
ANR	5718	Symbol	fdst_magic		5201						
ANR	5719	Symbol	strncmp		5201						
ANR	5720	Symbol	MOBI_INIT_FAILED		5201						
ANR	5721	Symbol	* rawml -> fdst -> fdst_section_starts		5201						
ANR	5722	Symbol	* m -> mh		5201						
ANR	5723	Symbol	fdst_record -> data		5201						
ANR	5724	Symbol	mobi_get_fdst_record_number		5201						
ANR	5725	Symbol	rawml -> fdst -> fdst_section_ends		5201						
ANR	5726	Symbol	MOBI_NOTSET		5201						
ANR	5727	Symbol	* * m		5201						
ANR	5728	Symbol	buf -> maxlen		5201						
ANR	5729	Symbol	rawml -> fdst -> fdst_section_starts		5201						
ANR	5730	Symbol	MOBI_DATA_CORRUPT		5201						
ANR	5731	Symbol	mobi_get_record_by_seqnumber		5201						
ANR	5732	Symbol	malloc		5201						
ANR	5733	Symbol	* buf		5201						
ANR	5734	Symbol	* * rawml -> fdst		5201						
ANR	5735	Symbol	NULL		5201						
ANR	5736	Symbol	rawml -> fdst -> fdst_section_count		5201						
ANR	5737	Symbol	i		5201						
ANR	5738	Symbol	FDST_MAGIC		5201						
ANR	5739	Symbol	m		5201						
ANR	5740	Symbol	data_offset		5201						
ANR	5741	Symbol	rawml -> fdst		5201						
ANR	5742	Symbol	* rawml -> fdst		5201						
ANR	5743	Symbol	* * rawml		5201						
ANR	5744	Symbol	buf		5201						
ANR	5745	Symbol	rawml		5201						
ANR	5746	Symbol	* i		5201						
ANR	5747	Symbol	* * * m		5201						
ANR	5748	Symbol	fdst_record -> size		5201						
ANR	5749	Symbol	* m		5201						
ANR	5750	Symbol	section_count		5201						
ANR	5751	Symbol	fdst_record_number		5201						
ANR	5752	Symbol	fdst_record		5201						
ANR	5753	Symbol	MOBI_MALLOC_FAILED		5201						
ANR	5754	Symbol	m -> mh -> fdst_section_count		5201						
ANR	5755	Function	mobi_load_file	846:0:32570:34664							
ANR	5756	FunctionDef	"mobi_load_file (MOBIData * m , FILE * file)"		5755	0					
ANR	5757	CompoundStatement		846:49:32619:34664	5755	0					
ANR	5758	IdentifierDeclStatement	MOBI_RET ret ;	847:4:32625:32637	5755	0	True				
ANR	5759	IdentifierDecl	ret		5755	0					
ANR	5760	IdentifierDeclType	MOBI_RET		5755	0					
ANR	5761	Identifier	ret		5755	1					
ANR	5762	IfStatement	if ( m == NULL )		5755	1					
ANR	5763	Condition	m == NULL	848:8:32647:32655	5755	0	True				
ANR	5764	EqualityExpression	m == NULL		5755	0		==			
ANR	5765	Identifier	m		5755	0					
ANR	5766	Identifier	NULL		5755	1					
ANR	5767	CompoundStatement		3:19:38:38	5755	1					
ANR	5768	ExpressionStatement	"debug_print ( ""%s"" , ""Mobi structure not initialized\\n"" )"	849:8:32668:32721	5755	0	True				
ANR	5769	CallExpression	"debug_print ( ""%s"" , ""Mobi structure not initialized\\n"" )"		5755	0					
ANR	5770	Callee	debug_print		5755	0					
ANR	5771	Identifier	debug_print		5755	0					
ANR	5772	ArgumentList	"""%s"""		5755	1					
ANR	5773	Argument	"""%s"""		5755	0					
ANR	5774	PrimaryExpression	"""%s"""		5755	0					
ANR	5775	Argument	"""Mobi structure not initialized\\n"""		5755	1					
ANR	5776	PrimaryExpression	"""Mobi structure not initialized\\n"""		5755	0					
ANR	5777	ReturnStatement	return MOBI_INIT_FAILED ;	850:8:32731:32754	5755	1	True				
ANR	5778	Identifier	MOBI_INIT_FAILED		5755	0					
ANR	5779	ExpressionStatement	"ret = mobi_load_pdbheader ( m , file )"	852:4:32766:32800	5755	2	True				
ANR	5780	AssignmentExpression	"ret = mobi_load_pdbheader ( m , file )"		5755	0		=			
ANR	5781	Identifier	ret		5755	0					
ANR	5782	CallExpression	"mobi_load_pdbheader ( m , file )"		5755	1					
ANR	5783	Callee	mobi_load_pdbheader		5755	0					
ANR	5784	Identifier	mobi_load_pdbheader		5755	0					
ANR	5785	ArgumentList	m		5755	1					
ANR	5786	Argument	m		5755	0					
ANR	5787	Identifier	m		5755	0					
ANR	5788	Argument	file		5755	1					
ANR	5789	Identifier	file		5755	0					
ANR	5790	IfStatement	if ( ret != MOBI_SUCCESS )		5755	3					
ANR	5791	Condition	ret != MOBI_SUCCESS	853:8:32810:32828	5755	0	True				
ANR	5792	EqualityExpression	ret != MOBI_SUCCESS		5755	0		!=			
ANR	5793	Identifier	ret		5755	0					
ANR	5794	Identifier	MOBI_SUCCESS		5755	1					
ANR	5795	CompoundStatement		8:29:211:211	5755	1					
ANR	5796	ReturnStatement	return ret ;	854:8:32841:32851	5755	0	True				
ANR	5797	Identifier	ret		5755	0					
ANR	5798	IfStatement	"if ( strcmp ( m -> ph -> type , ""BOOK"" ) != 0 && strcmp ( m -> ph -> type , ""TEXt"" ) != 0 )"		5755	4					
ANR	5799	Condition	"strcmp ( m -> ph -> type , ""BOOK"" ) != 0 && strcmp ( m -> ph -> type , ""TEXt"" ) != 0"	856:8:32867:32934	5755	0	True				
ANR	5800	AndExpression	"strcmp ( m -> ph -> type , ""BOOK"" ) != 0 && strcmp ( m -> ph -> type , ""TEXt"" ) != 0"		5755	0		&&			
ANR	5801	EqualityExpression	"strcmp ( m -> ph -> type , ""BOOK"" ) != 0"		5755	0		!=			
ANR	5802	CallExpression	"strcmp ( m -> ph -> type , ""BOOK"" )"		5755	0					
ANR	5803	Callee	strcmp		5755	0					
ANR	5804	Identifier	strcmp		5755	0					
ANR	5805	ArgumentList	m -> ph -> type		5755	1					
ANR	5806	Argument	m -> ph -> type		5755	0					
ANR	5807	PtrMemberAccess	m -> ph -> type		5755	0					
ANR	5808	PtrMemberAccess	m -> ph		5755	0					
ANR	5809	Identifier	m		5755	0					
ANR	5810	Identifier	ph		5755	1					
ANR	5811	Identifier	type		5755	1					
ANR	5812	Argument	"""BOOK"""		5755	1					
ANR	5813	PrimaryExpression	"""BOOK"""		5755	0					
ANR	5814	PrimaryExpression	0		5755	1					
ANR	5815	EqualityExpression	"strcmp ( m -> ph -> type , ""TEXt"" ) != 0"		5755	1		!=			
ANR	5816	CallExpression	"strcmp ( m -> ph -> type , ""TEXt"" )"		5755	0					
ANR	5817	Callee	strcmp		5755	0					
ANR	5818	Identifier	strcmp		5755	0					
ANR	5819	ArgumentList	m -> ph -> type		5755	1					
ANR	5820	Argument	m -> ph -> type		5755	0					
ANR	5821	PtrMemberAccess	m -> ph -> type		5755	0					
ANR	5822	PtrMemberAccess	m -> ph		5755	0					
ANR	5823	Identifier	m		5755	0					
ANR	5824	Identifier	ph		5755	1					
ANR	5825	Identifier	type		5755	1					
ANR	5826	Argument	"""TEXt"""		5755	1					
ANR	5827	PrimaryExpression	"""TEXt"""		5755	0					
ANR	5828	PrimaryExpression	0		5755	1					
ANR	5829	CompoundStatement		11:78:317:317	5755	1					
ANR	5830	ExpressionStatement	"debug_print ( ""Unsupported file type: %s\\n"" , m -> ph -> type )"	857:8:32947:33002	5755	0	True				
ANR	5831	CallExpression	"debug_print ( ""Unsupported file type: %s\\n"" , m -> ph -> type )"		5755	0					
ANR	5832	Callee	debug_print		5755	0					
ANR	5833	Identifier	debug_print		5755	0					
ANR	5834	ArgumentList	"""Unsupported file type: %s\\n"""		5755	1					
ANR	5835	Argument	"""Unsupported file type: %s\\n"""		5755	0					
ANR	5836	PrimaryExpression	"""Unsupported file type: %s\\n"""		5755	0					
ANR	5837	Argument	m -> ph -> type		5755	1					
ANR	5838	PtrMemberAccess	m -> ph -> type		5755	0					
ANR	5839	PtrMemberAccess	m -> ph		5755	0					
ANR	5840	Identifier	m		5755	0					
ANR	5841	Identifier	ph		5755	1					
ANR	5842	Identifier	type		5755	1					
ANR	5843	ReturnStatement	return MOBI_FILE_UNSUPPORTED ;	858:8:33012:33040	5755	1	True				
ANR	5844	Identifier	MOBI_FILE_UNSUPPORTED		5755	0					
ANR	5845	IfStatement	if ( m -> ph -> rec_count == 0 )		5755	5					
ANR	5846	Condition	m -> ph -> rec_count == 0	860:8:33056:33076	5755	0	True				
ANR	5847	EqualityExpression	m -> ph -> rec_count == 0		5755	0		==			
ANR	5848	PtrMemberAccess	m -> ph -> rec_count		5755	0					
ANR	5849	PtrMemberAccess	m -> ph		5755	0					
ANR	5850	Identifier	m		5755	0					
ANR	5851	Identifier	ph		5755	1					
ANR	5852	Identifier	rec_count		5755	1					
ANR	5853	PrimaryExpression	0		5755	1					
ANR	5854	CompoundStatement		15:31:459:459	5755	1					
ANR	5855	ExpressionStatement	"debug_print ( ""%s"" , ""No records found\\n"" )"	861:8:33089:33128	5755	0	True				
ANR	5856	CallExpression	"debug_print ( ""%s"" , ""No records found\\n"" )"		5755	0					
ANR	5857	Callee	debug_print		5755	0					
ANR	5858	Identifier	debug_print		5755	0					
ANR	5859	ArgumentList	"""%s"""		5755	1					
ANR	5860	Argument	"""%s"""		5755	0					
ANR	5861	PrimaryExpression	"""%s"""		5755	0					
ANR	5862	Argument	"""No records found\\n"""		5755	1					
ANR	5863	PrimaryExpression	"""No records found\\n"""		5755	0					
ANR	5864	ReturnStatement	return MOBI_DATA_CORRUPT ;	862:8:33138:33162	5755	1	True				
ANR	5865	Identifier	MOBI_DATA_CORRUPT		5755	0					
ANR	5866	ExpressionStatement	"ret = mobi_load_reclist ( m , file )"	864:4:33174:33206	5755	6	True				
ANR	5867	AssignmentExpression	"ret = mobi_load_reclist ( m , file )"		5755	0		=			
ANR	5868	Identifier	ret		5755	0					
ANR	5869	CallExpression	"mobi_load_reclist ( m , file )"		5755	1					
ANR	5870	Callee	mobi_load_reclist		5755	0					
ANR	5871	Identifier	mobi_load_reclist		5755	0					
ANR	5872	ArgumentList	m		5755	1					
ANR	5873	Argument	m		5755	0					
ANR	5874	Identifier	m		5755	0					
ANR	5875	Argument	file		5755	1					
ANR	5876	Identifier	file		5755	0					
ANR	5877	IfStatement	if ( ret != MOBI_SUCCESS )		5755	7					
ANR	5878	Condition	ret != MOBI_SUCCESS	865:8:33216:33234	5755	0	True				
ANR	5879	EqualityExpression	ret != MOBI_SUCCESS		5755	0		!=			
ANR	5880	Identifier	ret		5755	0					
ANR	5881	Identifier	MOBI_SUCCESS		5755	1					
ANR	5882	CompoundStatement		20:29:617:617	5755	1					
ANR	5883	ReturnStatement	return ret ;	866:8:33247:33257	5755	0	True				
ANR	5884	Identifier	ret		5755	0					
ANR	5885	ExpressionStatement	"ret = mobi_load_rec ( m , file )"	868:4:33269:33297	5755	8	True				
ANR	5886	AssignmentExpression	"ret = mobi_load_rec ( m , file )"		5755	0		=			
ANR	5887	Identifier	ret		5755	0					
ANR	5888	CallExpression	"mobi_load_rec ( m , file )"		5755	1					
ANR	5889	Callee	mobi_load_rec		5755	0					
ANR	5890	Identifier	mobi_load_rec		5755	0					
ANR	5891	ArgumentList	m		5755	1					
ANR	5892	Argument	m		5755	0					
ANR	5893	Identifier	m		5755	0					
ANR	5894	Argument	file		5755	1					
ANR	5895	Identifier	file		5755	0					
ANR	5896	IfStatement	if ( ret != MOBI_SUCCESS )		5755	9					
ANR	5897	Condition	ret != MOBI_SUCCESS	869:8:33307:33325	5755	0	True				
ANR	5898	EqualityExpression	ret != MOBI_SUCCESS		5755	0		!=			
ANR	5899	Identifier	ret		5755	0					
ANR	5900	Identifier	MOBI_SUCCESS		5755	1					
ANR	5901	CompoundStatement		24:29:708:708	5755	1					
ANR	5902	ReturnStatement	return ret ;	870:8:33338:33348	5755	0	True				
ANR	5903	Identifier	ret		5755	0					
ANR	5904	ExpressionStatement	"ret = mobi_parse_record0 ( m , 0 )"	872:4:33360:33390	5755	10	True				
ANR	5905	AssignmentExpression	"ret = mobi_parse_record0 ( m , 0 )"		5755	0		=			
ANR	5906	Identifier	ret		5755	0					
ANR	5907	CallExpression	"mobi_parse_record0 ( m , 0 )"		5755	1					
ANR	5908	Callee	mobi_parse_record0		5755	0					
ANR	5909	Identifier	mobi_parse_record0		5755	0					
ANR	5910	ArgumentList	m		5755	1					
ANR	5911	Argument	m		5755	0					
ANR	5912	Identifier	m		5755	0					
ANR	5913	Argument	0		5755	1					
ANR	5914	PrimaryExpression	0		5755	0					
ANR	5915	IfStatement	if ( ret != MOBI_SUCCESS )		5755	11					
ANR	5916	Condition	ret != MOBI_SUCCESS	873:8:33400:33418	5755	0	True				
ANR	5917	EqualityExpression	ret != MOBI_SUCCESS		5755	0		!=			
ANR	5918	Identifier	ret		5755	0					
ANR	5919	Identifier	MOBI_SUCCESS		5755	1					
ANR	5920	CompoundStatement		28:29:801:801	5755	1					
ANR	5921	ReturnStatement	return ret ;	874:8:33431:33441	5755	0	True				
ANR	5922	Identifier	ret		5755	0					
ANR	5923	IfStatement	if ( m -> rh && m -> rh -> encryption_type == RECORD0_OLD_ENCRYPTION )		5755	12					
ANR	5924	Condition	m -> rh && m -> rh -> encryption_type == RECORD0_OLD_ENCRYPTION	876:8:33457:33513	5755	0	True				
ANR	5925	AndExpression	m -> rh && m -> rh -> encryption_type == RECORD0_OLD_ENCRYPTION		5755	0		&&			
ANR	5926	PtrMemberAccess	m -> rh		5755	0					
ANR	5927	Identifier	m		5755	0					
ANR	5928	Identifier	rh		5755	1					
ANR	5929	EqualityExpression	m -> rh -> encryption_type == RECORD0_OLD_ENCRYPTION		5755	1		==			
ANR	5930	PtrMemberAccess	m -> rh -> encryption_type		5755	0					
ANR	5931	PtrMemberAccess	m -> rh		5755	0					
ANR	5932	Identifier	m		5755	0					
ANR	5933	Identifier	rh		5755	1					
ANR	5934	Identifier	encryption_type		5755	1					
ANR	5935	Identifier	RECORD0_OLD_ENCRYPTION		5755	1					
ANR	5936	CompoundStatement		31:67:896:896	5755	1					
ANR	5937	Statement	debug_print	878:8:33577:33587	5755	0	True				
ANR	5938	Statement	(	878:19:33588:33588	5755	1	True				
ANR	5939	Statement	"""Trying to set key for encryption type 1%s"""	878:20:33589:33631	5755	2	True				
ANR	5940	Statement	","	878:63:33632:33632	5755	3	True				
ANR	5941	Statement	"""\\n"""	878:65:33634:33637	5755	4	True				
ANR	5942	Statement	)	878:69:33638:33638	5755	5	True				
ANR	5943	ExpressionStatement	"mobi_drm_setkey ( m , NULL )"	879:8:33648:33672	5755	6	True				
ANR	5944	CallExpression	"mobi_drm_setkey ( m , NULL )"		5755	0					
ANR	5945	Callee	mobi_drm_setkey		5755	0					
ANR	5946	Identifier	mobi_drm_setkey		5755	0					
ANR	5947	ArgumentList	m		5755	1					
ANR	5948	Argument	m		5755	0					
ANR	5949	Identifier	m		5755	0					
ANR	5950	Argument	NULL		5755	1					
ANR	5951	Identifier	NULL		5755	0					
ANR	5952	IfStatement	if ( m -> eh )		5755	13					
ANR	5953	Condition	m -> eh	882:8:33758:33762	5755	0	True				
ANR	5954	PtrMemberAccess	m -> eh		5755	0					
ANR	5955	Identifier	m		5755	0					
ANR	5956	Identifier	eh		5755	1					
ANR	5957	CompoundStatement		38:8:1155:1223	5755	1					
ANR	5958	IdentifierDeclStatement	const size_t boundary_rec_number = mobi_get_kf8boundary_seqnumber ( m ) ;	883:8:33775:33843	5755	0	True				
ANR	5959	IdentifierDecl	boundary_rec_number = mobi_get_kf8boundary_seqnumber ( m )		5755	0					
ANR	5960	IdentifierDeclType	const size_t		5755	0					
ANR	5961	Identifier	boundary_rec_number		5755	1					
ANR	5962	AssignmentExpression	boundary_rec_number = mobi_get_kf8boundary_seqnumber ( m )		5755	2		=			
ANR	5963	Identifier	boundary_rec_number		5755	0					
ANR	5964	CallExpression	mobi_get_kf8boundary_seqnumber ( m )		5755	1					
ANR	5965	Callee	mobi_get_kf8boundary_seqnumber		5755	0					
ANR	5966	Identifier	mobi_get_kf8boundary_seqnumber		5755	0					
ANR	5967	ArgumentList	m		5755	1					
ANR	5968	Argument	m		5755	0					
ANR	5969	Identifier	m		5755	0					
ANR	5970	IfStatement	if ( boundary_rec_number != MOBI_NOTSET && boundary_rec_number < UINT32_MAX )		5755	1					
ANR	5971	Condition	boundary_rec_number != MOBI_NOTSET && boundary_rec_number < UINT32_MAX	884:12:33857:33926	5755	0	True				
ANR	5972	AndExpression	boundary_rec_number != MOBI_NOTSET && boundary_rec_number < UINT32_MAX		5755	0		&&			
ANR	5973	EqualityExpression	boundary_rec_number != MOBI_NOTSET		5755	0		!=			
ANR	5974	Identifier	boundary_rec_number		5755	0					
ANR	5975	Identifier	MOBI_NOTSET		5755	1					
ANR	5976	RelationalExpression	boundary_rec_number < UINT32_MAX		5755	1		<			
ANR	5977	Identifier	boundary_rec_number		5755	0					
ANR	5978	Identifier	UINT32_MAX		5755	1					
ANR	5979	CompoundStatement		39:84:1309:1309	5755	1					
ANR	5980	ExpressionStatement	m -> kf8_boundary_offset = ( uint32_t ) boundary_rec_number	886:12:33989:34044	5755	0	True				
ANR	5981	AssignmentExpression	m -> kf8_boundary_offset = ( uint32_t ) boundary_rec_number		5755	0		=			
ANR	5982	PtrMemberAccess	m -> kf8_boundary_offset		5755	0					
ANR	5983	Identifier	m		5755	0					
ANR	5984	Identifier	kf8_boundary_offset		5755	1					
ANR	5985	CastExpression	( uint32_t ) boundary_rec_number		5755	1					
ANR	5986	CastTarget	uint32_t		5755	0					
ANR	5987	Identifier	boundary_rec_number		5755	1					
ANR	5988	ExpressionStatement	m -> next = mobi_init ( )	887:12:34058:34079	5755	1	True				
ANR	5989	AssignmentExpression	m -> next = mobi_init ( )		5755	0		=			
ANR	5990	PtrMemberAccess	m -> next		5755	0					
ANR	5991	Identifier	m		5755	0					
ANR	5992	Identifier	next		5755	1					
ANR	5993	CallExpression	mobi_init ( )		5755	1					
ANR	5994	Callee	mobi_init		5755	0					
ANR	5995	Identifier	mobi_init		5755	0					
ANR	5996	ArgumentList			5755	1					
ANR	5997	ExpressionStatement	m -> next -> ph = m -> ph	889:12:34165:34184	5755	2	True				
ANR	5998	AssignmentExpression	m -> next -> ph = m -> ph		5755	0		=			
ANR	5999	PtrMemberAccess	m -> next -> ph		5755	0					
ANR	6000	PtrMemberAccess	m -> next		5755	0					
ANR	6001	Identifier	m		5755	0					
ANR	6002	Identifier	next		5755	1					
ANR	6003	Identifier	ph		5755	1					
ANR	6004	PtrMemberAccess	m -> ph		5755	1					
ANR	6005	Identifier	m		5755	0					
ANR	6006	Identifier	ph		5755	1					
ANR	6007	ExpressionStatement	m -> next -> rec = m -> rec	890:12:34198:34219	5755	3	True				
ANR	6008	AssignmentExpression	m -> next -> rec = m -> rec		5755	0		=			
ANR	6009	PtrMemberAccess	m -> next -> rec		5755	0					
ANR	6010	PtrMemberAccess	m -> next		5755	0					
ANR	6011	Identifier	m		5755	0					
ANR	6012	Identifier	next		5755	1					
ANR	6013	Identifier	rec		5755	1					
ANR	6014	PtrMemberAccess	m -> rec		5755	1					
ANR	6015	Identifier	m		5755	0					
ANR	6016	Identifier	rec		5755	1					
ANR	6017	ExpressionStatement	m -> next -> drm_key = m -> drm_key	891:12:34233:34262	5755	4	True				
ANR	6018	AssignmentExpression	m -> next -> drm_key = m -> drm_key		5755	0		=			
ANR	6019	PtrMemberAccess	m -> next -> drm_key		5755	0					
ANR	6020	PtrMemberAccess	m -> next		5755	0					
ANR	6021	Identifier	m		5755	0					
ANR	6022	Identifier	next		5755	1					
ANR	6023	Identifier	drm_key		5755	1					
ANR	6024	PtrMemberAccess	m -> drm_key		5755	1					
ANR	6025	Identifier	m		5755	0					
ANR	6026	Identifier	drm_key		5755	1					
ANR	6027	ExpressionStatement	m -> next -> next = m	893:12:34310:34327	5755	5	True				
ANR	6028	AssignmentExpression	m -> next -> next = m		5755	0		=			
ANR	6029	PtrMemberAccess	m -> next -> next		5755	0					
ANR	6030	PtrMemberAccess	m -> next		5755	0					
ANR	6031	Identifier	m		5755	0					
ANR	6032	Identifier	next		5755	1					
ANR	6033	Identifier	next		5755	1					
ANR	6034	Identifier	m		5755	1					
ANR	6035	ExpressionStatement	"ret = mobi_parse_record0 ( m -> next , boundary_rec_number + 1 )"	894:12:34341:34399	5755	6	True				
ANR	6036	AssignmentExpression	"ret = mobi_parse_record0 ( m -> next , boundary_rec_number + 1 )"		5755	0		=			
ANR	6037	Identifier	ret		5755	0					
ANR	6038	CallExpression	"mobi_parse_record0 ( m -> next , boundary_rec_number + 1 )"		5755	1					
ANR	6039	Callee	mobi_parse_record0		5755	0					
ANR	6040	Identifier	mobi_parse_record0		5755	0					
ANR	6041	ArgumentList	m -> next		5755	1					
ANR	6042	Argument	m -> next		5755	0					
ANR	6043	PtrMemberAccess	m -> next		5755	0					
ANR	6044	Identifier	m		5755	0					
ANR	6045	Identifier	next		5755	1					
ANR	6046	Argument	boundary_rec_number + 1		5755	1					
ANR	6047	AdditiveExpression	boundary_rec_number + 1		5755	0		+			
ANR	6048	Identifier	boundary_rec_number		5755	0					
ANR	6049	PrimaryExpression	1		5755	1					
ANR	6050	IfStatement	if ( ret != MOBI_SUCCESS )		5755	7					
ANR	6051	Condition	ret != MOBI_SUCCESS	895:16:34417:34435	5755	0	True				
ANR	6052	EqualityExpression	ret != MOBI_SUCCESS		5755	0		!=			
ANR	6053	Identifier	ret		5755	0					
ANR	6054	Identifier	MOBI_SUCCESS		5755	1					
ANR	6055	CompoundStatement		50:37:1818:1818	5755	1					
ANR	6056	ReturnStatement	return ret ;	896:16:34456:34466	5755	0	True				
ANR	6057	Identifier	ret		5755	0					
ANR	6058	IfStatement	if ( m -> use_kf8 )		5755	8					
ANR	6059	Condition	m -> use_kf8	899:16:34556:34565	5755	0	True				
ANR	6060	PtrMemberAccess	m -> use_kf8		5755	0					
ANR	6061	Identifier	m		5755	0					
ANR	6062	Identifier	use_kf8		5755	1					
ANR	6063	CompoundStatement		54:28:1948:1948	5755	1					
ANR	6064	ExpressionStatement	mobi_swap_mobidata ( m )	900:16:34586:34607	5755	0	True				
ANR	6065	CallExpression	mobi_swap_mobidata ( m )		5755	0					
ANR	6066	Callee	mobi_swap_mobidata		5755	0					
ANR	6067	Identifier	mobi_swap_mobidata		5755	0					
ANR	6068	ArgumentList	m		5755	1					
ANR	6069	Argument	m		5755	0					
ANR	6070	Identifier	m		5755	0					
ANR	6071	ReturnStatement	return MOBI_SUCCESS ;	904:4:34643:34662	5755	14	True				
ANR	6072	Identifier	MOBI_SUCCESS		5755	0					
ANR	6073	ReturnType	MOBI_RET		5755	1					
ANR	6074	Identifier	mobi_load_file		5755	2					
ANR	6075	ParameterList	"MOBIData * m , FILE * file"		5755	3					
ANR	6076	Parameter	MOBIData * m	846:24:32594:32604	5755	0	True				
ANR	6077	ParameterType	MOBIData *		5755	0					
ANR	6078	Identifier	m		5755	1					
ANR	6079	Parameter	FILE * file	846:37:32607:32616	5755	1	True				
ANR	6080	ParameterType	FILE *		5755	0					
ANR	6081	Identifier	file		5755	1					
ANR	6082	CFGEntryNode	ENTRY		5755		True				
ANR	6083	CFGExitNode	EXIT		5755		True				
ANR	6084	Symbol	mobi_load_reclist		5755						
ANR	6085	Symbol	* m -> rh		5755						
ANR	6086	Symbol	boundary_rec_number		5755						
ANR	6087	Symbol	* m -> ph		5755						
ANR	6088	Symbol	m -> eh		5755						
ANR	6089	Symbol	m -> next -> drm_key		5755						
ANR	6090	Symbol	MOBI_SUCCESS		5755						
ANR	6091	Symbol	m -> next -> rec		5755						
ANR	6092	Symbol	m -> next		5755						
ANR	6093	Symbol	MOBI_INIT_FAILED		5755						
ANR	6094	Symbol	file		5755						
ANR	6095	Symbol	m -> next -> ph		5755						
ANR	6096	Symbol	m -> drm_key		5755						
ANR	6097	Symbol	MOBI_NOTSET		5755						
ANR	6098	Symbol	* * m		5755						
ANR	6099	Symbol	m -> rec		5755						
ANR	6100	Symbol	ret		5755						
ANR	6101	Symbol	strcmp		5755						
ANR	6102	Symbol	m -> rh -> encryption_type		5755						
ANR	6103	Symbol	mobi_load_pdbheader		5755						
ANR	6104	Symbol	m -> ph -> type		5755						
ANR	6105	Symbol	MOBI_DATA_CORRUPT		5755						
ANR	6106	Symbol	NULL		5755						
ANR	6107	Symbol	m -> use_kf8		5755						
ANR	6108	Symbol	mobi_load_rec		5755						
ANR	6109	Symbol	m -> ph -> rec_count		5755						
ANR	6110	Symbol	mobi_init		5755						
ANR	6111	Symbol	m -> next -> next		5755						
ANR	6112	Symbol	mobi_parse_record0		5755						
ANR	6113	Symbol	m -> rh		5755						
ANR	6114	Symbol	m		5755						
ANR	6115	Symbol	m -> ph		5755						
ANR	6116	Symbol	MOBI_FILE_UNSUPPORTED		5755						
ANR	6117	Symbol	* m -> next		5755						
ANR	6118	Symbol	mobi_get_kf8boundary_seqnumber		5755						
ANR	6119	Symbol	m -> kf8_boundary_offset		5755						
ANR	6120	Symbol	* m		5755						
ANR	6121	Symbol	RECORD0_OLD_ENCRYPTION		5755						
ANR	6122	Symbol	UINT32_MAX		5755						
ANR	6123	Function	mobi_load_filename	914:0:34935:35229							
ANR	6124	FunctionDef	"mobi_load_filename (MOBIData * m , const char * path)"		6123	0					
ANR	6125	CompoundStatement		914:59:34994:35229	6123	0					
ANR	6126	IdentifierDeclStatement	"FILE * file = fopen ( path , ""rb"" ) ;"	915:4:35000:35030	6123	0	True				
ANR	6127	IdentifierDecl	"* file = fopen ( path , ""rb"" )"		6123	0					
ANR	6128	IdentifierDeclType	FILE *		6123	0					
ANR	6129	Identifier	file		6123	1					
ANR	6130	AssignmentExpression	"* file = fopen ( path , ""rb"" )"		6123	2		=			
ANR	6131	Identifier	file		6123	0					
ANR	6132	CallExpression	"fopen ( path , ""rb"" )"		6123	1					
ANR	6133	Callee	fopen		6123	0					
ANR	6134	Identifier	fopen		6123	0					
ANR	6135	ArgumentList	path		6123	1					
ANR	6136	Argument	path		6123	0					
ANR	6137	Identifier	path		6123	0					
ANR	6138	Argument	"""rb"""		6123	1					
ANR	6139	PrimaryExpression	"""rb"""		6123	0					
ANR	6140	IfStatement	if ( file == NULL )		6123	1					
ANR	6141	Condition	file == NULL	916:8:35040:35051	6123	0	True				
ANR	6142	EqualityExpression	file == NULL		6123	0		==			
ANR	6143	Identifier	file		6123	0					
ANR	6144	Identifier	NULL		6123	1					
ANR	6145	CompoundStatement		3:22:59:59	6123	1					
ANR	6146	ExpressionStatement	"debug_print ( ""%s"" , ""File not found\\n"" )"	917:8:35064:35101	6123	0	True				
ANR	6147	CallExpression	"debug_print ( ""%s"" , ""File not found\\n"" )"		6123	0					
ANR	6148	Callee	debug_print		6123	0					
ANR	6149	Identifier	debug_print		6123	0					
ANR	6150	ArgumentList	"""%s"""		6123	1					
ANR	6151	Argument	"""%s"""		6123	0					
ANR	6152	PrimaryExpression	"""%s"""		6123	0					
ANR	6153	Argument	"""File not found\\n"""		6123	1					
ANR	6154	PrimaryExpression	"""File not found\\n"""		6123	0					
ANR	6155	ReturnStatement	return MOBI_FILE_NOT_FOUND ;	918:8:35111:35137	6123	1	True				
ANR	6156	Identifier	MOBI_FILE_NOT_FOUND		6123	0					
ANR	6157	IdentifierDeclStatement	"const MOBI_RET ret = mobi_load_file ( m , file ) ;"	920:4:35149:35193	6123	2	True				
ANR	6158	IdentifierDecl	"ret = mobi_load_file ( m , file )"		6123	0					
ANR	6159	IdentifierDeclType	const MOBI_RET		6123	0					
ANR	6160	Identifier	ret		6123	1					
ANR	6161	AssignmentExpression	"ret = mobi_load_file ( m , file )"		6123	2		=			
ANR	6162	Identifier	ret		6123	0					
ANR	6163	CallExpression	"mobi_load_file ( m , file )"		6123	1					
ANR	6164	Callee	mobi_load_file		6123	0					
ANR	6165	Identifier	mobi_load_file		6123	0					
ANR	6166	ArgumentList	m		6123	1					
ANR	6167	Argument	m		6123	0					
ANR	6168	Identifier	m		6123	0					
ANR	6169	Argument	file		6123	1					
ANR	6170	Identifier	file		6123	0					
ANR	6171	ExpressionStatement	fclose ( file )	921:4:35199:35211	6123	3	True				
ANR	6172	CallExpression	fclose ( file )		6123	0					
ANR	6173	Callee	fclose		6123	0					
ANR	6174	Identifier	fclose		6123	0					
ANR	6175	ArgumentList	file		6123	1					
ANR	6176	Argument	file		6123	0					
ANR	6177	Identifier	file		6123	0					
ANR	6178	ReturnStatement	return ret ;	922:4:35217:35227	6123	4	True				
ANR	6179	Identifier	ret		6123	0					
ANR	6180	ReturnType	MOBI_RET		6123	1					
ANR	6181	Identifier	mobi_load_filename		6123	2					
ANR	6182	ParameterList	"MOBIData * m , const char * path"		6123	3					
ANR	6183	Parameter	MOBIData * m	914:28:34963:34973	6123	0	True				
ANR	6184	ParameterType	MOBIData *		6123	0					
ANR	6185	Identifier	m		6123	1					
ANR	6186	Parameter	const char * path	914:41:34976:34991	6123	1	True				
ANR	6187	ParameterType	const char *		6123	0					
ANR	6188	Identifier	path		6123	1					
ANR	6189	CFGEntryNode	ENTRY		6123		True				
ANR	6190	CFGExitNode	EXIT		6123		True				
ANR	6191	Symbol	ret		6123						
ANR	6192	Symbol	path		6123						
ANR	6193	Symbol	fopen		6123						
ANR	6194	Symbol	file		6123						
ANR	6195	Symbol	NULL		6123						
ANR	6196	Symbol	mobi_load_file		6123						
ANR	6197	Symbol	m		6123						
ANR	6198	Symbol	MOBI_FILE_NOT_FOUND		6123						
