start	end	type	var
6	7	IS_AST_PARENT	
6	8	IS_AST_PARENT	
5	6	IS_AST_PARENT	
4	5	IS_AST_PARENT	
10	11	IS_AST_PARENT	
10	12	IS_AST_PARENT	
13	14	IS_AST_PARENT	
15	16	IS_AST_PARENT	
15	17	IS_AST_PARENT	
13	15	IS_AST_PARENT	
10	13	IS_AST_PARENT	
9	10	IS_AST_PARENT	
4	9	IS_AST_PARENT	
19	20	IS_AST_PARENT	
21	22	IS_AST_PARENT	
24	25	IS_AST_PARENT	
24	26	IS_AST_PARENT	
23	24	IS_AST_PARENT	
23	27	IS_AST_PARENT	
21	23	IS_AST_PARENT	
19	21	IS_AST_PARENT	
18	19	IS_AST_PARENT	
4	18	IS_AST_PARENT	
29	30	IS_AST_PARENT	
32	33	IS_AST_PARENT	
31	32	IS_AST_PARENT	
35	36	IS_AST_PARENT	
34	35	IS_AST_PARENT	
31	34	IS_AST_PARENT	
29	31	IS_AST_PARENT	
28	29	IS_AST_PARENT	
4	28	IS_AST_PARENT	
39	40	IS_AST_PARENT	
39	41	IS_AST_PARENT	
38	39	IS_AST_PARENT	
37	38	IS_AST_PARENT	
43	44	IS_AST_PARENT	
43	45	IS_AST_PARENT	
42	43	IS_AST_PARENT	
37	42	IS_AST_PARENT	
4	37	IS_AST_PARENT	
47	48	IS_AST_PARENT	
47	49	IS_AST_PARENT	
50	51	IS_AST_PARENT	
52	53	IS_AST_PARENT	
54	55	IS_AST_PARENT	
54	56	IS_AST_PARENT	
52	54	IS_AST_PARENT	
50	52	IS_AST_PARENT	
47	50	IS_AST_PARENT	
46	47	IS_AST_PARENT	
4	46	IS_AST_PARENT	
58	59	IS_AST_PARENT	
58	60	IS_AST_PARENT	
57	58	IS_AST_PARENT	
4	57	IS_AST_PARENT	
62	63	IS_AST_PARENT	
61	62	IS_AST_PARENT	
66	67	IS_AST_PARENT	
65	66	IS_AST_PARENT	
70	71	IS_AST_PARENT	
70	72	IS_AST_PARENT	
69	70	IS_AST_PARENT	
68	69	IS_AST_PARENT	
65	68	IS_AST_PARENT	
64	65	IS_AST_PARENT	
61	64	IS_AST_PARENT	
4	61	IS_AST_PARENT	
75	76	IS_AST_PARENT	
75	77	IS_AST_PARENT	
74	75	IS_AST_PARENT	
74	78	IS_AST_PARENT	
73	74	IS_AST_PARENT	
4	73	IS_AST_PARENT	
79	80	IS_AST_PARENT	
4	79	IS_AST_PARENT	
3	4	IS_AST_PARENT	
3	81	IS_AST_PARENT	
3	82	IS_AST_PARENT	
84	85	IS_AST_PARENT	
84	86	IS_AST_PARENT	
83	84	IS_AST_PARENT	
87	88	IS_AST_PARENT	
87	89	IS_AST_PARENT	
83	87	IS_AST_PARENT	
3	83	IS_AST_PARENT	
90	84	FLOWS_TO	
84	87	FLOWS_TO	
87	5	FLOWS_TO	
5	9	FLOWS_TO	
9	18	FLOWS_TO	
18	28	FLOWS_TO	
28	38	FLOWS_TO	
38	42	FLOWS_TO	
38	46	FLOWS_TO	
42	91	FLOWS_TO	
46	57	FLOWS_TO	
57	62	FLOWS_TO	
62	64	FLOWS_TO	
62	73	FLOWS_TO	
64	73	FLOWS_TO	
73	79	FLOWS_TO	
79	91	FLOWS_TO	
87	92	DEF	
62	92	USE	
84	93	DEF	
46	93	USE	
54	93	USE	
64	93	USE	
70	93	USE	
73	93	USE	
75	93	USE	
28	94	USE	
29	94	USE	
46	95	USE	
50	95	USE	
64	95	USE	
69	95	USE	
73	95	DEF	
74	95	DEF	
9	96	USE	
13	96	USE	
28	96	USE	
35	96	USE	
9	97	DEF	
13	97	DEF	
10	97	DEF	
18	97	USE	
19	97	USE	
18	97	DEF	
19	97	DEF	
46	98	DEF	
50	98	DEF	
47	98	DEF	
57	98	DEF	
58	98	DEF	
57	98	USE	
58	98	USE	
5	99	DEF	
6	99	DEF	
28	99	DEF	
29	99	DEF	
38	99	USE	
73	99	USE	
74	99	USE	
46	100	USE	
50	100	USE	
64	100	USE	
69	100	USE	
73	100	DEF	
74	100	DEF	
87	62	REACHES	close_old
84	46	REACHES	ctx
84	64	REACHES	ctx
84	73	REACHES	ctx
9	18	REACHES	dwk_alias_3
46	57	REACHES	dwk_flow_value_1
73	91	REACHES	* ctx
28	38	REACHES	fd
28	73	REACHES	fd
90	84	CONTROLS	
90	87	CONTROLS	
90	5	CONTROLS	
90	9	CONTROLS	
90	18	CONTROLS	
90	28	CONTROLS	
90	38	CONTROLS	
38	42	CONTROLS	
38	46	CONTROLS	
38	57	CONTROLS	
38	62	CONTROLS	
38	73	CONTROLS	
38	79	CONTROLS	
62	64	CONTROLS	
38	46	DOM	
62	64	DOM	
62	73	DOM	
73	79	DOM	
5	9	DOM	
87	5	DOM	
38	42	DOM	
38	91	DOM	
90	90	DOM	
57	62	DOM	
9	18	DOM	
18	28	DOM	
84	87	DOM	
46	57	DOM	
90	84	DOM	
28	38	DOM	
79	73	POST_DOM	
57	46	POST_DOM	
73	64	POST_DOM	
91	79	POST_DOM	
18	9	POST_DOM	
9	5	POST_DOM	
91	91	POST_DOM	
91	42	POST_DOM	
84	90	POST_DOM	
73	62	POST_DOM	
28	18	POST_DOM	
38	28	POST_DOM	
5	87	POST_DOM	
62	57	POST_DOM	
87	84	POST_DOM	
91	38	POST_DOM	
2	3	IS_FUNCTION_OF_AST	
2	90	IS_FUNCTION_OF_CFG	
1	2	IS_FILE_OF	
101	102	DECLARES	
107	108	IS_AST_PARENT	
107	109	IS_AST_PARENT	
110	111	IS_AST_PARENT	
112	113	IS_AST_PARENT	
112	114	IS_AST_PARENT	
110	112	IS_AST_PARENT	
107	110	IS_AST_PARENT	
106	107	IS_AST_PARENT	
105	106	IS_AST_PARENT	
116	117	IS_AST_PARENT	
116	118	IS_AST_PARENT	
115	116	IS_AST_PARENT	
105	115	IS_AST_PARENT	
120	121	IS_AST_PARENT	
120	122	IS_AST_PARENT	
123	124	IS_AST_PARENT	
123	125	IS_AST_PARENT	
120	123	IS_AST_PARENT	
119	120	IS_AST_PARENT	
105	119	IS_AST_PARENT	
128	129	IS_AST_PARENT	
127	128	IS_AST_PARENT	
132	133	IS_AST_PARENT	
132	134	IS_AST_PARENT	
131	132	IS_AST_PARENT	
130	131	IS_AST_PARENT	
127	130	IS_AST_PARENT	
126	127	IS_AST_PARENT	
105	126	IS_AST_PARENT	
137	138	IS_AST_PARENT	
136	137	IS_AST_PARENT	
140	141	IS_AST_PARENT	
139	140	IS_AST_PARENT	
143	144	IS_AST_PARENT	
143	145	IS_AST_PARENT	
142	143	IS_AST_PARENT	
139	142	IS_AST_PARENT	
136	139	IS_AST_PARENT	
135	136	IS_AST_PARENT	
105	135	IS_AST_PARENT	
150	151	IS_AST_PARENT	
149	150	IS_AST_PARENT	
153	154	IS_AST_PARENT	
152	153	IS_AST_PARENT	
156	157	IS_AST_PARENT	
156	158	IS_AST_PARENT	
155	156	IS_AST_PARENT	
152	155	IS_AST_PARENT	
159	160	IS_AST_PARENT	
152	159	IS_AST_PARENT	
161	162	IS_AST_PARENT	
152	161	IS_AST_PARENT	
164	165	IS_AST_PARENT	
164	166	IS_AST_PARENT	
163	164	IS_AST_PARENT	
152	163	IS_AST_PARENT	
149	152	IS_AST_PARENT	
148	149	IS_AST_PARENT	
148	167	IS_AST_PARENT	
147	148	IS_AST_PARENT	
146	147	IS_AST_PARENT	
172	173	IS_AST_PARENT	
171	172	IS_AST_PARENT	
175	176	IS_AST_PARENT	
174	175	IS_AST_PARENT	
177	178	IS_AST_PARENT	
174	177	IS_AST_PARENT	
180	181	IS_AST_PARENT	
180	182	IS_AST_PARENT	
179	180	IS_AST_PARENT	
174	179	IS_AST_PARENT	
171	174	IS_AST_PARENT	
170	171	IS_AST_PARENT	
170	183	IS_AST_PARENT	
169	170	IS_AST_PARENT	
184	185	IS_AST_PARENT	
184	186	IS_AST_PARENT	
169	184	IS_AST_PARENT	
168	169	IS_AST_PARENT	
146	168	IS_AST_PARENT	
105	146	IS_AST_PARENT	
187	188	IS_AST_PARENT	
105	187	IS_AST_PARENT	
104	105	IS_AST_PARENT	
104	189	IS_AST_PARENT	
104	190	IS_AST_PARENT	
192	193	IS_AST_PARENT	
192	194	IS_AST_PARENT	
191	192	IS_AST_PARENT	
104	191	IS_AST_PARENT	
195	192	FLOWS_TO	
192	106	FLOWS_TO	
106	115	FLOWS_TO	
115	119	FLOWS_TO	
119	126	FLOWS_TO	
126	135	FLOWS_TO	
135	147	FLOWS_TO	
147	168	FLOWS_TO	
147	187	FLOWS_TO	
168	196	FLOWS_TO	
187	196	FLOWS_TO	
168	197	USE	
177	197	USE	
147	198	USE	
147	199	USE	
161	199	USE	
159	199	USE	
115	200	DEF	
116	200	DEF	
168	201	USE	
179	201	USE	
147	202	USE	
163	202	USE	
126	203	USE	
131	203	USE	
135	203	USE	
142	203	USE	
147	203	USE	
155	203	USE	
192	204	DEF	
135	204	USE	
140	204	USE	
106	205	DEF	
107	205	DEF	
110	205	DEF	
119	206	DEF	
120	206	DEF	
123	206	DEF	
168	206	USE	
168	207	USE	
192	135	REACHES	fd
119	168	REACHES	n
195	192	CONTROLS	
195	106	CONTROLS	
195	115	CONTROLS	
195	119	CONTROLS	
195	126	CONTROLS	
195	135	CONTROLS	
195	147	CONTROLS	
147	168	CONTROLS	
147	187	CONTROLS	
135	147	DOM	
119	126	DOM	
147	168	DOM	
147	187	DOM	
195	192	DOM	
126	135	DOM	
147	196	DOM	
195	195	DOM	
192	106	DOM	
115	119	DOM	
106	115	DOM	
196	147	POST_DOM	
135	126	POST_DOM	
196	168	POST_DOM	
196	187	POST_DOM	
196	196	POST_DOM	
147	135	POST_DOM	
106	192	POST_DOM	
192	195	POST_DOM	
126	119	POST_DOM	
115	106	POST_DOM	
119	115	POST_DOM	
103	104	IS_FUNCTION_OF_AST	
103	195	IS_FUNCTION_OF_CFG	
1	103	IS_FILE_OF	
214	215	IS_AST_PARENT	
214	216	IS_AST_PARENT	
213	214	IS_AST_PARENT	
217	218	IS_AST_PARENT	
217	219	IS_AST_PARENT	
213	217	IS_AST_PARENT	
212	213	IS_AST_PARENT	
211	212	IS_AST_PARENT	
222	223	IS_AST_PARENT	
222	224	IS_AST_PARENT	
221	222	IS_AST_PARENT	
220	221	IS_AST_PARENT	
226	227	IS_AST_PARENT	
226	228	IS_AST_PARENT	
225	226	IS_AST_PARENT	
220	225	IS_AST_PARENT	
211	220	IS_AST_PARENT	
210	211	IS_AST_PARENT	
231	232	IS_AST_PARENT	
231	233	IS_AST_PARENT	
230	231	IS_AST_PARENT	
230	234	IS_AST_PARENT	
229	230	IS_AST_PARENT	
210	229	IS_AST_PARENT	
237	238	IS_AST_PARENT	
237	239	IS_AST_PARENT	
236	237	IS_AST_PARENT	
236	240	IS_AST_PARENT	
235	236	IS_AST_PARENT	
210	235	IS_AST_PARENT	
243	244	IS_AST_PARENT	
243	245	IS_AST_PARENT	
242	243	IS_AST_PARENT	
242	246	IS_AST_PARENT	
241	242	IS_AST_PARENT	
210	241	IS_AST_PARENT	
249	250	IS_AST_PARENT	
249	251	IS_AST_PARENT	
248	249	IS_AST_PARENT	
248	252	IS_AST_PARENT	
247	248	IS_AST_PARENT	
210	247	IS_AST_PARENT	
255	256	IS_AST_PARENT	
255	257	IS_AST_PARENT	
254	255	IS_AST_PARENT	
254	258	IS_AST_PARENT	
253	254	IS_AST_PARENT	
210	253	IS_AST_PARENT	
261	262	IS_AST_PARENT	
261	263	IS_AST_PARENT	
260	261	IS_AST_PARENT	
260	264	IS_AST_PARENT	
259	260	IS_AST_PARENT	
210	259	IS_AST_PARENT	
267	268	IS_AST_PARENT	
267	269	IS_AST_PARENT	
266	267	IS_AST_PARENT	
266	270	IS_AST_PARENT	
265	266	IS_AST_PARENT	
210	265	IS_AST_PARENT	
271	272	IS_AST_PARENT	
210	271	IS_AST_PARENT	
209	210	IS_AST_PARENT	
209	273	IS_AST_PARENT	
209	274	IS_AST_PARENT	
276	277	IS_AST_PARENT	
276	278	IS_AST_PARENT	
275	276	IS_AST_PARENT	
279	280	IS_AST_PARENT	
279	281	IS_AST_PARENT	
275	279	IS_AST_PARENT	
282	283	IS_AST_PARENT	
282	284	IS_AST_PARENT	
275	282	IS_AST_PARENT	
285	286	IS_AST_PARENT	
285	287	IS_AST_PARENT	
275	285	IS_AST_PARENT	
288	289	IS_AST_PARENT	
288	290	IS_AST_PARENT	
275	288	IS_AST_PARENT	
291	292	IS_AST_PARENT	
291	293	IS_AST_PARENT	
275	291	IS_AST_PARENT	
294	295	IS_AST_PARENT	
294	296	IS_AST_PARENT	
275	294	IS_AST_PARENT	
209	275	IS_AST_PARENT	
297	276	FLOWS_TO	
276	279	FLOWS_TO	
279	282	FLOWS_TO	
282	285	FLOWS_TO	
285	288	FLOWS_TO	
288	291	FLOWS_TO	
291	294	FLOWS_TO	
294	212	FLOWS_TO	
212	221	FLOWS_TO	
212	229	FLOWS_TO	
221	225	FLOWS_TO	
225	298	FLOWS_TO	
229	235	FLOWS_TO	
235	241	FLOWS_TO	
241	247	FLOWS_TO	
247	253	FLOWS_TO	
253	259	FLOWS_TO	
259	265	FLOWS_TO	
265	271	FLOWS_TO	
271	298	FLOWS_TO	
229	299	DEF	
230	299	DEF	
235	299	DEF	
236	299	DEF	
241	299	DEF	
242	299	DEF	
247	299	DEF	
248	299	DEF	
253	299	DEF	
254	299	DEF	
259	299	DEF	
260	299	DEF	
265	299	DEF	
266	299	DEF	
221	300	DEF	
222	300	DEF	
265	301	DEF	
266	301	DEF	
276	302	DEF	
212	302	USE	
229	302	USE	
230	302	USE	
259	303	DEF	
260	303	DEF	
241	304	DEF	
242	304	DEF	
282	305	DEF	
235	305	USE	
236	305	USE	
221	306	USE	
222	306	USE	
253	307	DEF	
254	307	DEF	
235	308	DEF	
236	308	DEF	
247	309	DEF	
248	309	DEF	
229	310	DEF	
230	310	DEF	
279	311	DEF	
212	311	USE	
229	311	USE	
231	311	USE	
235	311	USE	
237	311	USE	
241	311	USE	
243	311	USE	
247	311	USE	
249	311	USE	
253	311	USE	
255	311	USE	
259	311	USE	
261	311	USE	
265	311	USE	
267	311	USE	
288	312	DEF	
259	312	USE	
260	312	USE	
291	313	DEF	
247	313	USE	
248	313	USE	
294	314	DEF	
265	314	USE	
266	314	USE	
285	315	DEF	
253	315	USE	
254	315	USE	
265	298	REACHES	* w
282	235	REACHES	type
288	259	REACHES	arg
294	265	REACHES	events
285	253	REACHES	cb
276	212	REACHES	ctx
276	229	REACHES	ctx
279	212	REACHES	w
279	229	REACHES	w
279	235	REACHES	w
279	241	REACHES	w
279	247	REACHES	w
279	253	REACHES	w
279	259	REACHES	w
279	265	REACHES	w
291	247	REACHES	fd
297	276	CONTROLS	
297	279	CONTROLS	
297	282	CONTROLS	
297	285	CONTROLS	
297	288	CONTROLS	
297	291	CONTROLS	
297	294	CONTROLS	
297	212	CONTROLS	
212	221	CONTROLS	
212	225	CONTROLS	
212	229	CONTROLS	
212	235	CONTROLS	
212	241	CONTROLS	
212	247	CONTROLS	
212	253	CONTROLS	
212	259	CONTROLS	
212	265	CONTROLS	
212	271	CONTROLS	
282	285	DOM	
212	229	DOM	
212	221	DOM	
253	259	DOM	
288	291	DOM	
259	265	DOM	
291	294	DOM	
265	271	DOM	
235	241	DOM	
276	279	DOM	
212	298	DOM	
285	288	DOM	
297	297	DOM	
221	225	DOM	
247	253	DOM	
294	212	DOM	
297	276	DOM	
279	282	DOM	
229	235	DOM	
241	247	DOM	
288	285	POST_DOM	
235	229	POST_DOM	
225	221	POST_DOM	
265	259	POST_DOM	
294	291	POST_DOM	
271	265	POST_DOM	
212	294	POST_DOM	
298	271	POST_DOM	
247	241	POST_DOM	
282	279	POST_DOM	
298	298	POST_DOM	
291	288	POST_DOM	
298	225	POST_DOM	
276	297	POST_DOM	
259	253	POST_DOM	
298	212	POST_DOM	
285	282	POST_DOM	
279	276	POST_DOM	
241	235	POST_DOM	
253	247	POST_DOM	
208	209	IS_FUNCTION_OF_AST	
208	297	IS_FUNCTION_OF_CFG	
1	208	IS_FILE_OF	
320	321	IS_AST_PARENT	
320	322	IS_AST_PARENT	
319	320	IS_AST_PARENT	
318	319	IS_AST_PARENT	
326	327	IS_AST_PARENT	
326	328	IS_AST_PARENT	
325	326	IS_AST_PARENT	
331	332	IS_AST_PARENT	
331	333	IS_AST_PARENT	
330	331	IS_AST_PARENT	
330	334	IS_AST_PARENT	
329	330	IS_AST_PARENT	
335	336	IS_AST_PARENT	
337	338	IS_AST_PARENT	
337	339	IS_AST_PARENT	
335	337	IS_AST_PARENT	
329	335	IS_AST_PARENT	
325	329	IS_AST_PARENT	
324	325	IS_AST_PARENT	
323	324	IS_AST_PARENT	
342	343	IS_AST_PARENT	
342	344	IS_AST_PARENT	
341	342	IS_AST_PARENT	
340	341	IS_AST_PARENT	
346	347	IS_AST_PARENT	
346	348	IS_AST_PARENT	
345	346	IS_AST_PARENT	
340	345	IS_AST_PARENT	
323	340	IS_AST_PARENT	
318	323	IS_AST_PARENT	
352	353	IS_AST_PARENT	
351	352	IS_AST_PARENT	
355	356	IS_AST_PARENT	
354	355	IS_AST_PARENT	
351	354	IS_AST_PARENT	
350	351	IS_AST_PARENT	
349	350	IS_AST_PARENT	
357	358	IS_AST_PARENT	
349	357	IS_AST_PARENT	
318	349	IS_AST_PARENT	
361	362	IS_AST_PARENT	
361	363	IS_AST_PARENT	
360	361	IS_AST_PARENT	
365	366	IS_AST_PARENT	
365	367	IS_AST_PARENT	
364	365	IS_AST_PARENT	
364	368	IS_AST_PARENT	
360	364	IS_AST_PARENT	
359	360	IS_AST_PARENT	
318	359	IS_AST_PARENT	
372	373	IS_AST_PARENT	
372	374	IS_AST_PARENT	
371	372	IS_AST_PARENT	
371	375	IS_AST_PARENT	
370	371	IS_AST_PARENT	
370	376	IS_AST_PARENT	
369	370	IS_AST_PARENT	
318	369	IS_AST_PARENT	
381	382	IS_AST_PARENT	
380	381	IS_AST_PARENT	
386	387	IS_AST_PARENT	
386	388	IS_AST_PARENT	
385	386	IS_AST_PARENT	
385	389	IS_AST_PARENT	
384	385	IS_AST_PARENT	
383	384	IS_AST_PARENT	
390	391	IS_AST_PARENT	
383	390	IS_AST_PARENT	
393	394	IS_AST_PARENT	
393	395	IS_AST_PARENT	
392	393	IS_AST_PARENT	
383	392	IS_AST_PARENT	
397	398	IS_AST_PARENT	
397	399	IS_AST_PARENT	
396	397	IS_AST_PARENT	
383	396	IS_AST_PARENT	
380	383	IS_AST_PARENT	
379	380	IS_AST_PARENT	
379	400	IS_AST_PARENT	
378	379	IS_AST_PARENT	
377	378	IS_AST_PARENT	
404	405	IS_AST_PARENT	
404	406	IS_AST_PARENT	
403	404	IS_AST_PARENT	
402	403	IS_AST_PARENT	
408	409	IS_AST_PARENT	
408	410	IS_AST_PARENT	
407	408	IS_AST_PARENT	
402	407	IS_AST_PARENT	
401	402	IS_AST_PARENT	
415	416	IS_AST_PARENT	
415	417	IS_AST_PARENT	
414	415	IS_AST_PARENT	
414	418	IS_AST_PARENT	
413	414	IS_AST_PARENT	
420	421	IS_AST_PARENT	
420	422	IS_AST_PARENT	
419	420	IS_AST_PARENT	
419	423	IS_AST_PARENT	
413	419	IS_AST_PARENT	
412	413	IS_AST_PARENT	
411	412	IS_AST_PARENT	
425	426	IS_AST_PARENT	
425	427	IS_AST_PARENT	
424	425	IS_AST_PARENT	
411	424	IS_AST_PARENT	
401	411	IS_AST_PARENT	
431	432	IS_AST_PARENT	
431	433	IS_AST_PARENT	
430	431	IS_AST_PARENT	
430	434	IS_AST_PARENT	
429	430	IS_AST_PARENT	
428	429	IS_AST_PARENT	
436	437	IS_AST_PARENT	
436	438	IS_AST_PARENT	
435	436	IS_AST_PARENT	
428	435	IS_AST_PARENT	
401	428	IS_AST_PARENT	
442	443	IS_AST_PARENT	
442	444	IS_AST_PARENT	
441	442	IS_AST_PARENT	
441	445	IS_AST_PARENT	
440	441	IS_AST_PARENT	
440	446	IS_AST_PARENT	
439	440	IS_AST_PARENT	
401	439	IS_AST_PARENT	
449	450	IS_AST_PARENT	
449	451	IS_AST_PARENT	
448	449	IS_AST_PARENT	
452	453	IS_AST_PARENT	
452	454	IS_AST_PARENT	
448	452	IS_AST_PARENT	
447	448	IS_AST_PARENT	
401	447	IS_AST_PARENT	
377	401	IS_AST_PARENT	
459	460	IS_AST_PARENT	
459	461	IS_AST_PARENT	
458	459	IS_AST_PARENT	
458	462	IS_AST_PARENT	
457	458	IS_AST_PARENT	
456	457	IS_AST_PARENT	
455	456	IS_AST_PARENT	
377	455	IS_AST_PARENT	
318	377	IS_AST_PARENT	
465	466	IS_AST_PARENT	
464	465	IS_AST_PARENT	
468	469	IS_AST_PARENT	
467	468	IS_AST_PARENT	
472	473	IS_AST_PARENT	
472	474	IS_AST_PARENT	
471	472	IS_AST_PARENT	
471	475	IS_AST_PARENT	
470	471	IS_AST_PARENT	
467	470	IS_AST_PARENT	
464	467	IS_AST_PARENT	
463	464	IS_AST_PARENT	
318	463	IS_AST_PARENT	
476	477	IS_AST_PARENT	
318	476	IS_AST_PARENT	
317	318	IS_AST_PARENT	
317	478	IS_AST_PARENT	
317	479	IS_AST_PARENT	
481	482	IS_AST_PARENT	
481	483	IS_AST_PARENT	
480	481	IS_AST_PARENT	
317	480	IS_AST_PARENT	
484	481	FLOWS_TO	
481	319	FLOWS_TO	
319	324	FLOWS_TO	
324	341	FLOWS_TO	
324	350	FLOWS_TO	
341	345	FLOWS_TO	
345	485	FLOWS_TO	
350	357	FLOWS_TO	
350	359	FLOWS_TO	
357	485	FLOWS_TO	
359	369	FLOWS_TO	
369	378	FLOWS_TO	
378	403	FLOWS_TO	
378	457	FLOWS_TO	
403	407	FLOWS_TO	
403	412	FLOWS_TO	
407	485	FLOWS_TO	
412	424	FLOWS_TO	
412	429	FLOWS_TO	
424	485	FLOWS_TO	
429	435	FLOWS_TO	
429	439	FLOWS_TO	
435	485	FLOWS_TO	
439	447	FLOWS_TO	
447	463	FLOWS_TO	
457	463	FLOWS_TO	
463	476	FLOWS_TO	
476	485	FLOWS_TO	
324	486	USE	
359	486	USE	
360	486	USE	
378	486	USE	
392	486	USE	
385	486	USE	
412	486	USE	
429	486	USE	
439	486	USE	
441	486	USE	
447	486	DEF	
448	486	DEF	
457	486	DEF	
458	486	DEF	
463	486	USE	
471	486	USE	
378	487	USE	
369	488	DEF	
370	488	DEF	
439	489	DEF	
440	489	DEF	
403	490	USE	
378	491	USE	
390	491	USE	
378	492	USE	
384	492	USE	
324	493	USE	
378	493	USE	
392	493	USE	
429	493	USE	
412	494	USE	
378	495	USE	
384	495	USE	
439	495	DEF	
440	495	DEF	
463	495	USE	
470	495	USE	
412	496	USE	
341	497	DEF	
342	497	DEF	
403	497	USE	
359	498	USE	
360	498	USE	
412	498	USE	
429	499	USE	
412	500	USE	
378	501	USE	
384	501	USE	
439	501	DEF	
440	501	DEF	
463	501	USE	
470	501	USE	
447	502	DEF	
448	502	DEF	
457	502	DEF	
458	502	DEF	
369	503	USE	
371	503	USE	
369	503	DEF	
370	503	DEF	
463	504	USE	
470	504	USE	
341	505	USE	
342	505	USE	
319	506	DEF	
320	506	DEF	
359	506	DEF	
360	506	DEF	
359	506	USE	
361	506	USE	
369	506	USE	
371	506	USE	
369	506	DEF	
370	506	DEF	
372	506	USE	
359	507	USE	
360	507	USE	
324	508	USE	
378	508	USE	
385	508	USE	
439	508	USE	
441	508	USE	
463	508	USE	
471	508	USE	
481	509	DEF	
324	509	USE	
337	509	USE	
331	509	USE	
350	509	USE	
355	509	USE	
359	509	USE	
365	509	USE	
369	509	USE	
370	509	USE	
378	509	USE	
386	509	USE	
393	509	USE	
412	509	USE	
420	509	USE	
415	509	USE	
429	509	USE	
431	509	USE	
439	509	USE	
442	509	USE	
447	509	USE	
449	509	USE	
457	509	USE	
459	509	USE	
463	509	USE	
468	509	USE	
472	509	USE	
378	510	USE	
396	510	USE	
350	511	USE	
359	512	DEF	
360	512	DEF	
457	485	REACHES	* w
447	485	REACHES	* w
457	463	REACHES	* w
447	463	REACHES	* w
439	463	REACHES	* * w
439	463	REACHES	* w -> ctx
319	359	REACHES	ev
359	369	REACHES	ev
481	359	REACHES	w
481	324	REACHES	w
481	350	REACHES	w
481	369	REACHES	w
481	378	REACHES	w
481	412	REACHES	w
481	429	REACHES	w
481	439	REACHES	w
481	447	REACHES	w
481	457	REACHES	w
481	463	REACHES	w
484	481	CONTROLS	
484	319	CONTROLS	
484	324	CONTROLS	
324	341	CONTROLS	
324	345	CONTROLS	
324	350	CONTROLS	
350	357	CONTROLS	
350	359	CONTROLS	
350	369	CONTROLS	
350	378	CONTROLS	
378	403	CONTROLS	
378	457	CONTROLS	
378	463	CONTROLS	
378	476	CONTROLS	
403	407	CONTROLS	
403	412	CONTROLS	
412	424	CONTROLS	
412	429	CONTROLS	
429	435	CONTROLS	
429	439	CONTROLS	
429	447	CONTROLS	
429	463	CONTROLS	
429	476	CONTROLS	
319	324	DOM	
412	429	DOM	
341	345	DOM	
324	341	DOM	
359	369	DOM	
412	424	DOM	
378	457	DOM	
369	378	DOM	
378	403	DOM	
463	476	DOM	
439	447	DOM	
429	439	DOM	
350	359	DOM	
484	481	DOM	
481	319	DOM	
403	407	DOM	
324	350	DOM	
484	484	DOM	
403	412	DOM	
324	485	DOM	
350	357	DOM	
429	435	DOM	
378	463	DOM	
485	324	POST_DOM	
485	429	POST_DOM	
485	345	POST_DOM	
345	341	POST_DOM	
378	369	POST_DOM	
485	424	POST_DOM	
463	457	POST_DOM	
485	403	POST_DOM	
485	378	POST_DOM	
485	476	POST_DOM	
463	447	POST_DOM	
447	439	POST_DOM	
369	359	POST_DOM	
324	319	POST_DOM	
319	481	POST_DOM	
485	407	POST_DOM	
485	350	POST_DOM	
481	484	POST_DOM	
485	412	POST_DOM	
485	485	POST_DOM	
485	357	POST_DOM	
485	435	POST_DOM	
476	463	POST_DOM	
316	317	IS_FUNCTION_OF_AST	
316	484	IS_FUNCTION_OF_CFG	
1	316	IS_FILE_OF	
518	519	IS_AST_PARENT	
518	520	IS_AST_PARENT	
517	518	IS_AST_PARENT	
516	517	IS_AST_PARENT	
523	524	IS_AST_PARENT	
523	525	IS_AST_PARENT	
522	523	IS_AST_PARENT	
521	522	IS_AST_PARENT	
527	528	IS_AST_PARENT	
527	529	IS_AST_PARENT	
526	527	IS_AST_PARENT	
521	526	IS_AST_PARENT	
516	521	IS_AST_PARENT	
515	516	IS_AST_PARENT	
532	533	IS_AST_PARENT	
535	536	IS_AST_PARENT	
534	535	IS_AST_PARENT	
538	539	IS_AST_PARENT	
537	538	IS_AST_PARENT	
534	537	IS_AST_PARENT	
532	534	IS_AST_PARENT	
531	532	IS_AST_PARENT	
530	531	IS_AST_PARENT	
540	541	IS_AST_PARENT	
530	540	IS_AST_PARENT	
515	530	IS_AST_PARENT	
544	545	IS_AST_PARENT	
544	546	IS_AST_PARENT	
543	544	IS_AST_PARENT	
543	547	IS_AST_PARENT	
542	543	IS_AST_PARENT	
515	542	IS_AST_PARENT	
550	551	IS_AST_PARENT	
549	550	IS_AST_PARENT	
553	554	IS_AST_PARENT	
552	553	IS_AST_PARENT	
557	558	IS_AST_PARENT	
557	559	IS_AST_PARENT	
556	557	IS_AST_PARENT	
556	560	IS_AST_PARENT	
555	556	IS_AST_PARENT	
552	555	IS_AST_PARENT	
549	552	IS_AST_PARENT	
548	549	IS_AST_PARENT	
515	548	IS_AST_PARENT	
565	566	IS_AST_PARENT	
564	565	IS_AST_PARENT	
570	571	IS_AST_PARENT	
570	572	IS_AST_PARENT	
569	570	IS_AST_PARENT	
569	573	IS_AST_PARENT	
568	569	IS_AST_PARENT	
567	568	IS_AST_PARENT	
574	575	IS_AST_PARENT	
567	574	IS_AST_PARENT	
577	578	IS_AST_PARENT	
577	579	IS_AST_PARENT	
576	577	IS_AST_PARENT	
567	576	IS_AST_PARENT	
580	581	IS_AST_PARENT	
567	580	IS_AST_PARENT	
564	567	IS_AST_PARENT	
563	564	IS_AST_PARENT	
563	582	IS_AST_PARENT	
562	563	IS_AST_PARENT	
561	562	IS_AST_PARENT	
584	585	IS_AST_PARENT	
584	586	IS_AST_PARENT	
583	584	IS_AST_PARENT	
561	583	IS_AST_PARENT	
515	561	IS_AST_PARENT	
587	588	IS_AST_PARENT	
515	587	IS_AST_PARENT	
514	515	IS_AST_PARENT	
514	589	IS_AST_PARENT	
514	590	IS_AST_PARENT	
592	593	IS_AST_PARENT	
592	594	IS_AST_PARENT	
591	592	IS_AST_PARENT	
514	591	IS_AST_PARENT	
595	592	FLOWS_TO	
592	517	FLOWS_TO	
517	522	FLOWS_TO	
517	531	FLOWS_TO	
522	526	FLOWS_TO	
526	596	FLOWS_TO	
531	540	FLOWS_TO	
531	542	FLOWS_TO	
540	596	FLOWS_TO	
542	548	FLOWS_TO	
548	562	FLOWS_TO	
562	583	FLOWS_TO	
562	587	FLOWS_TO	
583	596	FLOWS_TO	
587	596	FLOWS_TO	
542	597	DEF	
543	597	DEF	
548	597	USE	
556	597	USE	
562	597	USE	
576	597	USE	
569	597	USE	
562	598	USE	
522	599	DEF	
523	599	DEF	
562	600	USE	
580	600	USE	
562	601	USE	
574	601	USE	
548	602	USE	
555	602	USE	
562	602	USE	
568	602	USE	
542	603	DEF	
543	603	DEF	
548	604	USE	
555	604	USE	
562	605	USE	
568	605	USE	
522	606	USE	
523	606	USE	
562	607	USE	
576	607	USE	
548	608	USE	
555	608	USE	
562	608	USE	
568	608	USE	
548	609	USE	
556	609	USE	
562	609	USE	
569	609	USE	
592	610	DEF	
517	610	USE	
531	610	USE	
538	610	USE	
542	610	USE	
544	610	USE	
548	610	USE	
553	610	USE	
557	610	USE	
562	610	USE	
570	610	USE	
577	610	USE	
531	611	USE	
542	596	REACHES	* w
542	548	REACHES	* w
542	562	REACHES	* w
592	517	REACHES	w
592	531	REACHES	w
592	542	REACHES	w
592	548	REACHES	w
592	562	REACHES	w
595	592	CONTROLS	
595	517	CONTROLS	
517	522	CONTROLS	
517	526	CONTROLS	
517	531	CONTROLS	
531	540	CONTROLS	
531	542	CONTROLS	
531	548	CONTROLS	
531	562	CONTROLS	
562	583	CONTROLS	
562	587	CONTROLS	
562	587	DOM	
548	562	DOM	
531	542	DOM	
595	595	DOM	
595	592	DOM	
517	531	DOM	
592	517	DOM	
562	583	DOM	
517	522	DOM	
542	548	DOM	
517	596	DOM	
522	526	DOM	
531	540	DOM	
596	587	POST_DOM	
596	562	POST_DOM	
548	542	POST_DOM	
592	595	POST_DOM	
517	592	POST_DOM	
596	531	POST_DOM	
596	517	POST_DOM	
596	583	POST_DOM	
526	522	POST_DOM	
562	548	POST_DOM	
596	596	POST_DOM	
596	526	POST_DOM	
596	540	POST_DOM	
513	514	IS_FUNCTION_OF_AST	
513	595	IS_FUNCTION_OF_CFG	
1	513	IS_FILE_OF	
617	618	IS_AST_PARENT	
617	619	IS_AST_PARENT	
616	617	IS_AST_PARENT	
615	616	IS_AST_PARENT	
620	621	IS_AST_PARENT	
615	620	IS_AST_PARENT	
614	615	IS_AST_PARENT	
624	625	IS_AST_PARENT	
624	626	IS_AST_PARENT	
623	624	IS_AST_PARENT	
623	627	IS_AST_PARENT	
622	623	IS_AST_PARENT	
614	622	IS_AST_PARENT	
613	614	IS_AST_PARENT	
613	628	IS_AST_PARENT	
613	629	IS_AST_PARENT	
631	632	IS_AST_PARENT	
631	633	IS_AST_PARENT	
630	631	IS_AST_PARENT	
613	630	IS_AST_PARENT	
634	631	FLOWS_TO	
631	616	FLOWS_TO	
616	620	FLOWS_TO	
616	622	FLOWS_TO	
620	635	FLOWS_TO	
622	635	FLOWS_TO	
622	636	USE	
631	637	DEF	
616	637	USE	
622	637	USE	
624	637	USE	
622	638	USE	
631	616	REACHES	w
631	622	REACHES	w
634	631	CONTROLS	
634	616	CONTROLS	
616	620	CONTROLS	
616	622	CONTROLS	
616	622	DOM	
616	635	DOM	
634	634	DOM	
631	616	DOM	
616	620	DOM	
634	631	DOM	
635	622	POST_DOM	
635	635	POST_DOM	
635	616	POST_DOM	
631	634	POST_DOM	
635	620	POST_DOM	
616	631	POST_DOM	
612	613	IS_FUNCTION_OF_AST	
612	634	IS_FUNCTION_OF_CFG	
1	612	IS_FILE_OF	
643	644	IS_AST_PARENT	
643	645	IS_AST_PARENT	
642	643	IS_AST_PARENT	
641	642	IS_AST_PARENT	
649	650	IS_AST_PARENT	
649	651	IS_AST_PARENT	
648	649	IS_AST_PARENT	
653	654	IS_AST_PARENT	
653	655	IS_AST_PARENT	
652	653	IS_AST_PARENT	
652	656	IS_AST_PARENT	
648	652	IS_AST_PARENT	
647	648	IS_AST_PARENT	
646	647	IS_AST_PARENT	
659	660	IS_AST_PARENT	
659	661	IS_AST_PARENT	
658	659	IS_AST_PARENT	
657	658	IS_AST_PARENT	
663	664	IS_AST_PARENT	
663	665	IS_AST_PARENT	
662	663	IS_AST_PARENT	
657	662	IS_AST_PARENT	
646	657	IS_AST_PARENT	
641	646	IS_AST_PARENT	
668	669	IS_AST_PARENT	
668	670	IS_AST_PARENT	
667	668	IS_AST_PARENT	
672	673	IS_AST_PARENT	
672	674	IS_AST_PARENT	
671	672	IS_AST_PARENT	
671	675	IS_AST_PARENT	
667	671	IS_AST_PARENT	
666	667	IS_AST_PARENT	
641	666	IS_AST_PARENT	
679	680	IS_AST_PARENT	
679	681	IS_AST_PARENT	
678	679	IS_AST_PARENT	
678	682	IS_AST_PARENT	
677	678	IS_AST_PARENT	
677	683	IS_AST_PARENT	
676	677	IS_AST_PARENT	
641	676	IS_AST_PARENT	
688	689	IS_AST_PARENT	
687	688	IS_AST_PARENT	
693	694	IS_AST_PARENT	
693	695	IS_AST_PARENT	
692	693	IS_AST_PARENT	
692	696	IS_AST_PARENT	
691	692	IS_AST_PARENT	
690	691	IS_AST_PARENT	
697	698	IS_AST_PARENT	
690	697	IS_AST_PARENT	
700	701	IS_AST_PARENT	
700	702	IS_AST_PARENT	
699	700	IS_AST_PARENT	
690	699	IS_AST_PARENT	
704	705	IS_AST_PARENT	
704	706	IS_AST_PARENT	
703	704	IS_AST_PARENT	
690	703	IS_AST_PARENT	
687	690	IS_AST_PARENT	
686	687	IS_AST_PARENT	
686	707	IS_AST_PARENT	
685	686	IS_AST_PARENT	
684	685	IS_AST_PARENT	
709	710	IS_AST_PARENT	
709	711	IS_AST_PARENT	
708	709	IS_AST_PARENT	
684	708	IS_AST_PARENT	
641	684	IS_AST_PARENT	
712	713	IS_AST_PARENT	
641	712	IS_AST_PARENT	
640	641	IS_AST_PARENT	
640	714	IS_AST_PARENT	
640	715	IS_AST_PARENT	
717	718	IS_AST_PARENT	
717	719	IS_AST_PARENT	
716	717	IS_AST_PARENT	
640	716	IS_AST_PARENT	
720	717	FLOWS_TO	
717	642	FLOWS_TO	
642	647	FLOWS_TO	
647	658	FLOWS_TO	
647	666	FLOWS_TO	
658	662	FLOWS_TO	
662	721	FLOWS_TO	
666	676	FLOWS_TO	
676	685	FLOWS_TO	
685	708	FLOWS_TO	
685	712	FLOWS_TO	
708	721	FLOWS_TO	
712	721	FLOWS_TO	
647	722	USE	
666	722	USE	
667	722	USE	
685	722	USE	
692	722	USE	
699	722	USE	
685	723	USE	
658	724	DEF	
659	724	DEF	
676	725	DEF	
677	725	DEF	
666	726	USE	
667	726	USE	
685	727	USE	
691	727	USE	
676	728	DEF	
677	728	DEF	
676	728	USE	
678	728	USE	
685	729	USE	
697	729	USE	
685	730	USE	
691	730	USE	
658	731	USE	
659	731	USE	
642	732	DEF	
643	732	DEF	
666	732	DEF	
667	732	DEF	
666	732	USE	
668	732	USE	
676	732	DEF	
677	732	DEF	
676	732	USE	
679	732	USE	
678	732	USE	
647	733	USE	
685	733	USE	
699	733	USE	
685	734	USE	
691	734	USE	
666	735	USE	
667	735	USE	
685	736	USE	
692	736	USE	
717	737	DEF	
647	737	USE	
653	737	USE	
666	737	USE	
672	737	USE	
676	737	USE	
677	737	USE	
685	737	USE	
693	737	USE	
700	737	USE	
685	738	USE	
703	738	USE	
666	739	DEF	
667	739	DEF	
642	666	REACHES	ev
666	676	REACHES	ev
717	647	REACHES	w
717	666	REACHES	w
717	676	REACHES	w
717	685	REACHES	w
720	717	CONTROLS	
720	642	CONTROLS	
720	647	CONTROLS	
647	658	CONTROLS	
647	662	CONTROLS	
647	666	CONTROLS	
647	676	CONTROLS	
647	685	CONTROLS	
685	708	CONTROLS	
685	712	CONTROLS	
685	712	DOM	
647	666	DOM	
676	685	DOM	
685	708	DOM	
642	647	DOM	
720	717	DOM	
647	658	DOM	
658	662	DOM	
647	721	DOM	
720	720	DOM	
717	642	DOM	
666	676	DOM	
721	712	POST_DOM	
721	708	POST_DOM	
721	685	POST_DOM	
676	666	POST_DOM	
721	647	POST_DOM	
721	662	POST_DOM	
662	658	POST_DOM	
642	717	POST_DOM	
721	721	POST_DOM	
717	720	POST_DOM	
647	642	POST_DOM	
685	676	POST_DOM	
639	640	IS_FUNCTION_OF_AST	
639	720	IS_FUNCTION_OF_CFG	
1	639	IS_FILE_OF	
745	746	IS_AST_PARENT	
744	745	IS_AST_PARENT	
748	749	IS_AST_PARENT	
747	748	IS_AST_PARENT	
750	751	IS_AST_PARENT	
747	750	IS_AST_PARENT	
744	747	IS_AST_PARENT	
743	744	IS_AST_PARENT	
742	743	IS_AST_PARENT	
741	742	IS_AST_PARENT	
741	752	IS_AST_PARENT	
741	753	IS_AST_PARENT	
755	756	IS_AST_PARENT	
755	757	IS_AST_PARENT	
754	755	IS_AST_PARENT	
741	754	IS_AST_PARENT	
758	755	FLOWS_TO	
755	743	FLOWS_TO	
743	759	FLOWS_TO	
755	760	DEF	
743	760	USE	
748	760	USE	
743	761	USE	
750	761	USE	
743	762	USE	
755	743	REACHES	ctx
758	755	CONTROLS	
758	743	CONTROLS	
755	743	DOM	
758	758	DOM	
758	755	DOM	
743	759	DOM	
759	743	POST_DOM	
755	758	POST_DOM	
743	755	POST_DOM	
759	759	POST_DOM	
740	741	IS_FUNCTION_OF_AST	
740	758	IS_FUNCTION_OF_CFG	
1	740	IS_FILE_OF	
769	770	IS_AST_PARENT	
769	771	IS_AST_PARENT	
768	769	IS_AST_PARENT	
772	773	IS_AST_PARENT	
772	774	IS_AST_PARENT	
768	772	IS_AST_PARENT	
767	768	IS_AST_PARENT	
766	767	IS_AST_PARENT	
777	778	IS_AST_PARENT	
777	779	IS_AST_PARENT	
776	777	IS_AST_PARENT	
775	776	IS_AST_PARENT	
781	782	IS_AST_PARENT	
781	783	IS_AST_PARENT	
780	781	IS_AST_PARENT	
775	780	IS_AST_PARENT	
766	775	IS_AST_PARENT	
765	766	IS_AST_PARENT	
786	787	IS_AST_PARENT	
785	786	IS_AST_PARENT	
789	790	IS_AST_PARENT	
788	789	IS_AST_PARENT	
791	792	IS_AST_PARENT	
788	791	IS_AST_PARENT	
794	795	IS_AST_PARENT	
796	797	IS_AST_PARENT	
796	798	IS_AST_PARENT	
794	796	IS_AST_PARENT	
793	794	IS_AST_PARENT	
788	793	IS_AST_PARENT	
785	788	IS_AST_PARENT	
784	785	IS_AST_PARENT	
765	784	IS_AST_PARENT	
801	802	IS_AST_PARENT	
801	803	IS_AST_PARENT	
800	801	IS_AST_PARENT	
800	804	IS_AST_PARENT	
799	800	IS_AST_PARENT	
765	799	IS_AST_PARENT	
807	808	IS_AST_PARENT	
806	807	IS_AST_PARENT	
810	811	IS_AST_PARENT	
809	810	IS_AST_PARENT	
812	813	IS_AST_PARENT	
809	812	IS_AST_PARENT	
806	809	IS_AST_PARENT	
805	806	IS_AST_PARENT	
765	805	IS_AST_PARENT	
764	765	IS_AST_PARENT	
764	814	IS_AST_PARENT	
764	815	IS_AST_PARENT	
817	818	IS_AST_PARENT	
817	819	IS_AST_PARENT	
816	817	IS_AST_PARENT	
820	821	IS_AST_PARENT	
820	822	IS_AST_PARENT	
816	820	IS_AST_PARENT	
764	816	IS_AST_PARENT	
823	817	FLOWS_TO	
817	820	FLOWS_TO	
820	767	FLOWS_TO	
767	776	FLOWS_TO	
767	784	FLOWS_TO	
776	780	FLOWS_TO	
780	824	FLOWS_TO	
784	799	FLOWS_TO	
799	805	FLOWS_TO	
805	824	FLOWS_TO	
776	825	USE	
777	825	USE	
776	826	DEF	
777	826	DEF	
805	827	USE	
820	828	DEF	
767	828	USE	
799	828	USE	
800	828	USE	
817	829	DEF	
767	829	USE	
784	829	USE	
789	829	USE	
796	829	USE	
799	829	USE	
801	829	USE	
805	829	USE	
810	829	USE	
799	830	DEF	
800	830	DEF	
784	831	USE	
793	831	USE	
799	831	DEF	
800	831	DEF	
820	767	REACHES	maxevents
820	799	REACHES	maxevents
817	767	REACHES	ctx
817	784	REACHES	ctx
817	799	REACHES	ctx
817	805	REACHES	ctx
799	824	REACHES	* ctx
823	817	CONTROLS	
823	820	CONTROLS	
823	767	CONTROLS	
767	776	CONTROLS	
767	780	CONTROLS	
767	784	CONTROLS	
767	799	CONTROLS	
767	805	CONTROLS	
776	780	DOM	
767	824	DOM	
823	817	DOM	
817	820	DOM	
767	784	DOM	
784	799	DOM	
799	805	DOM	
820	767	DOM	
767	776	DOM	
823	823	DOM	
824	824	POST_DOM	
824	780	POST_DOM	
820	817	POST_DOM	
767	820	POST_DOM	
799	784	POST_DOM	
824	805	POST_DOM	
805	799	POST_DOM	
780	776	POST_DOM	
824	767	POST_DOM	
817	823	POST_DOM	
763	764	IS_FUNCTION_OF_AST	
763	823	IS_FUNCTION_OF_CFG	
1	763	IS_FILE_OF	
836	837	IS_AST_PARENT	
836	838	IS_AST_PARENT	
835	836	IS_AST_PARENT	
834	835	IS_AST_PARENT	
841	842	IS_AST_PARENT	
841	843	IS_AST_PARENT	
840	841	IS_AST_PARENT	
839	840	IS_AST_PARENT	
846	847	IS_AST_PARENT	
846	848	IS_AST_PARENT	
845	846	IS_AST_PARENT	
844	845	IS_AST_PARENT	
850	851	IS_AST_PARENT	
850	852	IS_AST_PARENT	
849	850	IS_AST_PARENT	
844	849	IS_AST_PARENT	
839	844	IS_AST_PARENT	
834	839	IS_AST_PARENT	
834	853	IS_AST_PARENT	
834	854	IS_AST_PARENT	
834	855	IS_AST_PARENT	
834	856	IS_AST_PARENT	
834	857	IS_AST_PARENT	
834	858	IS_AST_PARENT	
834	859	IS_AST_PARENT	
834	860	IS_AST_PARENT	
864	865	IS_AST_PARENT	
863	864	IS_AST_PARENT	
867	868	IS_AST_PARENT	
866	867	IS_AST_PARENT	
870	871	IS_AST_PARENT	
870	872	IS_AST_PARENT	
869	870	IS_AST_PARENT	
866	869	IS_AST_PARENT	
863	866	IS_AST_PARENT	
862	863	IS_AST_PARENT	
861	862	IS_AST_PARENT	
875	876	IS_AST_PARENT	
878	879	IS_AST_PARENT	
877	878	IS_AST_PARENT	
881	882	IS_AST_PARENT	
880	881	IS_AST_PARENT	
877	880	IS_AST_PARENT	
875	877	IS_AST_PARENT	
874	875	IS_AST_PARENT	
873	874	IS_AST_PARENT	
873	883	IS_AST_PARENT	
861	873	IS_AST_PARENT	
886	887	IS_AST_PARENT	
886	888	IS_AST_PARENT	
885	886	IS_AST_PARENT	
884	885	IS_AST_PARENT	
890	891	IS_AST_PARENT	
889	890	IS_AST_PARENT	
894	895	IS_AST_PARENT	
893	894	IS_AST_PARENT	
897	898	IS_AST_PARENT	
896	897	IS_AST_PARENT	
893	896	IS_AST_PARENT	
892	893	IS_AST_PARENT	
889	892	IS_AST_PARENT	
889	899	IS_AST_PARENT	
900	901	IS_AST_PARENT	
889	900	IS_AST_PARENT	
904	905	IS_AST_PARENT	
903	904	IS_AST_PARENT	
907	908	IS_AST_PARENT	
906	907	IS_AST_PARENT	
903	906	IS_AST_PARENT	
902	903	IS_AST_PARENT	
889	902	IS_AST_PARENT	
889	909	IS_AST_PARENT	
910	911	IS_AST_PARENT	
889	910	IS_AST_PARENT	
912	913	IS_AST_PARENT	
889	912	IS_AST_PARENT	
916	917	IS_AST_PARENT	
915	916	IS_AST_PARENT	
919	920	IS_AST_PARENT	
918	919	IS_AST_PARENT	
915	918	IS_AST_PARENT	
914	915	IS_AST_PARENT	
889	914	IS_AST_PARENT	
889	921	IS_AST_PARENT	
922	923	IS_AST_PARENT	
889	922	IS_AST_PARENT	
926	927	IS_AST_PARENT	
925	926	IS_AST_PARENT	
929	930	IS_AST_PARENT	
928	929	IS_AST_PARENT	
925	928	IS_AST_PARENT	
924	925	IS_AST_PARENT	
889	924	IS_AST_PARENT	
889	931	IS_AST_PARENT	
884	889	IS_AST_PARENT	
861	884	IS_AST_PARENT	
834	861	IS_AST_PARENT	
934	935	IS_AST_PARENT	
934	936	IS_AST_PARENT	
933	934	IS_AST_PARENT	
933	937	IS_AST_PARENT	
932	933	IS_AST_PARENT	
834	932	IS_AST_PARENT	
940	941	IS_AST_PARENT	
940	942	IS_AST_PARENT	
939	940	IS_AST_PARENT	
939	943	IS_AST_PARENT	
938	939	IS_AST_PARENT	
834	938	IS_AST_PARENT	
947	948	IS_AST_PARENT	
947	949	IS_AST_PARENT	
946	947	IS_AST_PARENT	
950	951	IS_AST_PARENT	
950	952	IS_AST_PARENT	
946	950	IS_AST_PARENT	
945	946	IS_AST_PARENT	
944	945	IS_AST_PARENT	
955	956	IS_AST_PARENT	
954	955	IS_AST_PARENT	
959	960	IS_AST_PARENT	
959	961	IS_AST_PARENT	
958	959	IS_AST_PARENT	
957	958	IS_AST_PARENT	
954	957	IS_AST_PARENT	
953	954	IS_AST_PARENT	
944	953	IS_AST_PARENT	
834	944	IS_AST_PARENT	
964	965	IS_AST_PARENT	
964	966	IS_AST_PARENT	
963	964	IS_AST_PARENT	
967	968	IS_AST_PARENT	
967	969	IS_AST_PARENT	
963	967	IS_AST_PARENT	
962	963	IS_AST_PARENT	
834	962	IS_AST_PARENT	
970	971	IS_AST_PARENT	
834	970	IS_AST_PARENT	
833	834	IS_AST_PARENT	
833	972	IS_AST_PARENT	
833	973	IS_AST_PARENT	
975	976	IS_AST_PARENT	
975	977	IS_AST_PARENT	
974	975	IS_AST_PARENT	
833	974	IS_AST_PARENT	
978	975	FLOWS_TO	
975	835	FLOWS_TO	
835	840	FLOWS_TO	
840	845	FLOWS_TO	
840	853	FLOWS_TO	
845	849	FLOWS_TO	
849	979	FLOWS_TO	
853	854	FLOWS_TO	
854	855	FLOWS_TO	
855	856	FLOWS_TO	
856	857	FLOWS_TO	
857	858	FLOWS_TO	
858	859	FLOWS_TO	
859	860	FLOWS_TO	
860	862	FLOWS_TO	
862	874	FLOWS_TO	
874	883	FLOWS_TO	
874	885	FLOWS_TO	
883	980	FLOWS_TO	
885	912	FLOWS_TO	
885	890	FLOWS_TO	
885	922	FLOWS_TO	
885	900	FLOWS_TO	
885	910	FLOWS_TO	
885	932	FLOWS_TO	
890	892	FLOWS_TO	
892	899	FLOWS_TO	
899	932	FLOWS_TO	
900	902	FLOWS_TO	
902	909	FLOWS_TO	
909	932	FLOWS_TO	
910	912	FLOWS_TO	
912	914	FLOWS_TO	
914	921	FLOWS_TO	
921	932	FLOWS_TO	
922	924	FLOWS_TO	
924	931	FLOWS_TO	
931	932	FLOWS_TO	
932	938	FLOWS_TO	
938	945	FLOWS_TO	
945	953	FLOWS_TO	
945	962	FLOWS_TO	
953	962	FLOWS_TO	
962	970	FLOWS_TO	
970	979	FLOWS_TO	
845	981	USE	
846	981	USE	
885	982	USE	
845	983	DEF	
846	983	DEF	
885	984	USE	
932	985	USE	
933	985	USE	
975	986	DEF	
840	986	USE	
862	986	USE	
870	986	USE	
932	986	USE	
934	986	USE	
938	986	USE	
940	986	USE	
945	986	USE	
947	986	USE	
953	986	USE	
959	986	USE	
962	986	USE	
964	986	USE	
835	987	DEF	
836	987	DEF	
862	987	USE	
867	987	USE	
874	987	USE	
881	987	USE	
885	987	USE	
886	987	USE	
892	987	USE	
897	987	USE	
902	987	USE	
907	987	USE	
914	987	USE	
919	987	USE	
924	987	USE	
929	987	USE	
945	988	USE	
953	988	USE	
958	988	USE	
962	988	DEF	
963	988	DEF	
938	989	DEF	
939	989	DEF	
874	990	USE	
862	991	USE	
869	991	USE	
932	991	DEF	
933	991	DEF	
938	991	DEF	
939	991	DEF	
945	991	USE	
953	991	USE	
958	991	USE	
962	991	DEF	
963	991	DEF	
862	992	USE	
869	992	USE	
932	992	DEF	
933	992	DEF	
975	840	REACHES	ctx
975	862	REACHES	ctx
975	932	REACHES	ctx
975	938	REACHES	ctx
975	945	REACHES	ctx
975	953	REACHES	ctx
975	962	REACHES	ctx
962	979	REACHES	* ctx
938	945	REACHES	* ctx
938	953	REACHES	* ctx
835	862	REACHES	w
835	874	REACHES	w
835	885	REACHES	w
835	892	REACHES	w
835	902	REACHES	w
835	914	REACHES	w
835	924	REACHES	w
978	975	CONTROLS	
978	835	CONTROLS	
978	840	CONTROLS	
840	845	CONTROLS	
840	849	CONTROLS	
840	853	CONTROLS	
840	854	CONTROLS	
840	855	CONTROLS	
840	856	CONTROLS	
840	857	CONTROLS	
840	858	CONTROLS	
840	859	CONTROLS	
840	860	CONTROLS	
840	862	CONTROLS	
840	874	CONTROLS	
840	885	CONTROLS	
840	932	CONTROLS	
840	938	CONTROLS	
840	945	CONTROLS	
840	962	CONTROLS	
840	970	CONTROLS	
885	912	CONTROLS	
885	914	CONTROLS	
885	921	CONTROLS	
885	890	CONTROLS	
885	892	CONTROLS	
885	899	CONTROLS	
885	922	CONTROLS	
885	924	CONTROLS	
885	931	CONTROLS	
885	900	CONTROLS	
885	902	CONTROLS	
885	909	CONTROLS	
885	910	CONTROLS	
885	912	CONTROLS	
885	914	CONTROLS	
885	921	CONTROLS	
945	953	CONTROLS	
885	912	DOM	
840	979	DOM	
856	857	DOM	
962	970	DOM	
859	860	DOM	
858	859	DOM	
874	883	DOM	
885	910	DOM	
978	978	DOM	
975	835	DOM	
924	931	DOM	
885	900	DOM	
932	938	DOM	
945	953	DOM	
860	862	DOM	
840	845	DOM	
883	980	DOM	
885	932	DOM	
885	922	DOM	
900	902	DOM	
855	856	DOM	
912	914	DOM	
945	962	DOM	
857	858	DOM	
862	874	DOM	
840	853	DOM	
874	885	DOM	
938	945	DOM	
845	849	DOM	
854	855	DOM	
978	975	DOM	
885	890	DOM	
853	854	DOM	
835	840	DOM	
892	899	DOM	
902	909	DOM	
914	921	DOM	
890	892	DOM	
922	924	DOM	
914	912	POST_DOM	
979	979	POST_DOM	
858	857	POST_DOM	
979	970	POST_DOM	
862	860	POST_DOM	
860	859	POST_DOM	
912	910	POST_DOM	
975	978	POST_DOM	
840	835	POST_DOM	
902	900	POST_DOM	
932	931	POST_DOM	
945	938	POST_DOM	
962	953	POST_DOM	
874	862	POST_DOM	
849	845	POST_DOM	
938	932	POST_DOM	
924	922	POST_DOM	
909	902	POST_DOM	
857	856	POST_DOM	
921	914	POST_DOM	
970	962	POST_DOM	
859	858	POST_DOM	
885	874	POST_DOM	
962	945	POST_DOM	
932	885	POST_DOM	
854	853	POST_DOM	
979	849	POST_DOM	
856	855	POST_DOM	
835	975	POST_DOM	
892	890	POST_DOM	
855	854	POST_DOM	
979	840	POST_DOM	
932	899	POST_DOM	
932	909	POST_DOM	
932	921	POST_DOM	
899	892	POST_DOM	
931	924	POST_DOM	
832	833	IS_FUNCTION_OF_AST	
832	978	IS_FUNCTION_OF_CFG	
1	832	IS_FILE_OF	
997	998	IS_AST_PARENT	
997	999	IS_AST_PARENT	
1000	1001	IS_AST_PARENT	
1002	1003	IS_AST_PARENT	
1002	1004	IS_AST_PARENT	
1000	1002	IS_AST_PARENT	
997	1000	IS_AST_PARENT	
996	997	IS_AST_PARENT	
995	996	IS_AST_PARENT	
1006	1007	IS_AST_PARENT	
1006	1008	IS_AST_PARENT	
1005	1006	IS_AST_PARENT	
995	1005	IS_AST_PARENT	
1012	1013	IS_AST_PARENT	
1012	1014	IS_AST_PARENT	
1011	1012	IS_AST_PARENT	
1016	1017	IS_AST_PARENT	
1016	1018	IS_AST_PARENT	
1015	1016	IS_AST_PARENT	
1015	1019	IS_AST_PARENT	
1011	1015	IS_AST_PARENT	
1010	1011	IS_AST_PARENT	
1009	1010	IS_AST_PARENT	
1022	1023	IS_AST_PARENT	
1022	1024	IS_AST_PARENT	
1021	1022	IS_AST_PARENT	
1020	1021	IS_AST_PARENT	
1026	1027	IS_AST_PARENT	
1026	1028	IS_AST_PARENT	
1025	1026	IS_AST_PARENT	
1020	1025	IS_AST_PARENT	
1009	1020	IS_AST_PARENT	
995	1009	IS_AST_PARENT	
1031	1032	IS_AST_PARENT	
1031	1033	IS_AST_PARENT	
1030	1031	IS_AST_PARENT	
1029	1030	IS_AST_PARENT	
1035	1036	IS_AST_PARENT	
1035	1037	IS_AST_PARENT	
1034	1035	IS_AST_PARENT	
1029	1034	IS_AST_PARENT	
995	1029	IS_AST_PARENT	
1040	1041	IS_AST_PARENT	
1040	1042	IS_AST_PARENT	
1039	1040	IS_AST_PARENT	
1039	1043	IS_AST_PARENT	
1038	1039	IS_AST_PARENT	
995	1038	IS_AST_PARENT	
995	1044	IS_AST_PARENT	
995	1045	IS_AST_PARENT	
995	1046	IS_AST_PARENT	
995	1047	IS_AST_PARENT	
995	1048	IS_AST_PARENT	
995	1049	IS_AST_PARENT	
995	1050	IS_AST_PARENT	
995	1051	IS_AST_PARENT	
1055	1056	IS_AST_PARENT	
1057	1058	IS_AST_PARENT	
1057	1059	IS_AST_PARENT	
1055	1057	IS_AST_PARENT	
1054	1055	IS_AST_PARENT	
1053	1054	IS_AST_PARENT	
1062	1063	IS_AST_PARENT	
1061	1062	IS_AST_PARENT	
1065	1066	IS_AST_PARENT	
1064	1065	IS_AST_PARENT	
1070	1071	IS_AST_PARENT	
1070	1072	IS_AST_PARENT	
1069	1070	IS_AST_PARENT	
1069	1073	IS_AST_PARENT	
1068	1069	IS_AST_PARENT	
1068	1074	IS_AST_PARENT	
1067	1068	IS_AST_PARENT	
1064	1067	IS_AST_PARENT	
1078	1079	IS_AST_PARENT	
1078	1080	IS_AST_PARENT	
1077	1078	IS_AST_PARENT	
1077	1081	IS_AST_PARENT	
1076	1077	IS_AST_PARENT	
1076	1082	IS_AST_PARENT	
1075	1076	IS_AST_PARENT	
1064	1075	IS_AST_PARENT	
1061	1064	IS_AST_PARENT	
1060	1061	IS_AST_PARENT	
1053	1060	IS_AST_PARENT	
1052	1053	IS_AST_PARENT	
1085	1086	IS_AST_PARENT	
1087	1088	IS_AST_PARENT	
1087	1089	IS_AST_PARENT	
1085	1087	IS_AST_PARENT	
1084	1085	IS_AST_PARENT	
1083	1084	IS_AST_PARENT	
1092	1093	IS_AST_PARENT	
1091	1092	IS_AST_PARENT	
1095	1096	IS_AST_PARENT	
1094	1095	IS_AST_PARENT	
1100	1101	IS_AST_PARENT	
1100	1102	IS_AST_PARENT	
1099	1100	IS_AST_PARENT	
1099	1103	IS_AST_PARENT	
1098	1099	IS_AST_PARENT	
1098	1104	IS_AST_PARENT	
1097	1098	IS_AST_PARENT	
1094	1097	IS_AST_PARENT	
1108	1109	IS_AST_PARENT	
1108	1110	IS_AST_PARENT	
1107	1108	IS_AST_PARENT	
1107	1111	IS_AST_PARENT	
1106	1107	IS_AST_PARENT	
1106	1112	IS_AST_PARENT	
1105	1106	IS_AST_PARENT	
1094	1105	IS_AST_PARENT	
1091	1094	IS_AST_PARENT	
1090	1091	IS_AST_PARENT	
1083	1090	IS_AST_PARENT	
1052	1083	IS_AST_PARENT	
995	1052	IS_AST_PARENT	
1116	1117	IS_AST_PARENT	
1116	1118	IS_AST_PARENT	
1115	1116	IS_AST_PARENT	
1119	1120	IS_AST_PARENT	
1119	1121	IS_AST_PARENT	
1115	1119	IS_AST_PARENT	
1114	1115	IS_AST_PARENT	
1113	1114	IS_AST_PARENT	
1124	1125	IS_AST_PARENT	
1124	1126	IS_AST_PARENT	
1124	1127	IS_AST_PARENT	
1123	1124	IS_AST_PARENT	
1122	1123	IS_AST_PARENT	
1129	1130	IS_AST_PARENT	
1129	1131	IS_AST_PARENT	
1128	1129	IS_AST_PARENT	
1132	1133	IS_AST_PARENT	
1132	1134	IS_AST_PARENT	
1128	1132	IS_AST_PARENT	
1135	1136	IS_AST_PARENT	
1135	1137	IS_AST_PARENT	
1138	1139	IS_AST_PARENT	
1138	1140	IS_AST_PARENT	
1135	1138	IS_AST_PARENT	
1128	1135	IS_AST_PARENT	
1122	1128	IS_AST_PARENT	
1143	1144	IS_AST_PARENT	
1143	1145	IS_AST_PARENT	
1142	1143	IS_AST_PARENT	
1141	1142	IS_AST_PARENT	
1146	1147	IS_AST_PARENT	
1146	1148	IS_AST_PARENT	
1146	1149	IS_AST_PARENT	
1146	1150	IS_AST_PARENT	
1146	1151	IS_AST_PARENT	
1146	1152	IS_AST_PARENT	
1146	1153	IS_AST_PARENT	
1146	1154	IS_AST_PARENT	
1160	1161	IS_AST_PARENT	
1160	1162	IS_AST_PARENT	
1159	1160	IS_AST_PARENT	
1163	1164	IS_AST_PARENT	
1163	1165	IS_AST_PARENT	
1159	1163	IS_AST_PARENT	
1158	1159	IS_AST_PARENT	
1166	1167	IS_AST_PARENT	
1168	1169	IS_AST_PARENT	
1168	1170	IS_AST_PARENT	
1166	1168	IS_AST_PARENT	
1158	1166	IS_AST_PARENT	
1157	1158	IS_AST_PARENT	
1156	1157	IS_AST_PARENT	
1156	1171	IS_AST_PARENT	
1155	1156	IS_AST_PARENT	
1174	1175	IS_AST_PARENT	
1177	1178	IS_AST_PARENT	
1176	1177	IS_AST_PARENT	
1181	1182	IS_AST_PARENT	
1181	1183	IS_AST_PARENT	
1180	1181	IS_AST_PARENT	
1179	1180	IS_AST_PARENT	
1176	1179	IS_AST_PARENT	
1174	1176	IS_AST_PARENT	
1173	1174	IS_AST_PARENT	
1172	1173	IS_AST_PARENT	
1187	1188	IS_AST_PARENT	
1187	1189	IS_AST_PARENT	
1186	1187	IS_AST_PARENT	
1186	1190	IS_AST_PARENT	
1185	1186	IS_AST_PARENT	
1184	1185	IS_AST_PARENT	
1193	1194	IS_AST_PARENT	
1192	1193	IS_AST_PARENT	
1196	1197	IS_AST_PARENT	
1195	1196	IS_AST_PARENT	
1199	1200	IS_AST_PARENT	
1199	1201	IS_AST_PARENT	
1198	1199	IS_AST_PARENT	
1195	1198	IS_AST_PARENT	
1192	1195	IS_AST_PARENT	
1191	1192	IS_AST_PARENT	
1184	1191	IS_AST_PARENT	
1172	1184	IS_AST_PARENT	
1155	1172	IS_AST_PARENT	
1203	1204	IS_AST_PARENT	
1203	1205	IS_AST_PARENT	
1202	1203	IS_AST_PARENT	
1155	1202	IS_AST_PARENT	
1209	1210	IS_AST_PARENT	
1209	1211	IS_AST_PARENT	
1208	1209	IS_AST_PARENT	
1207	1208	IS_AST_PARENT	
1213	1214	IS_AST_PARENT	
1212	1213	IS_AST_PARENT	
1216	1217	IS_AST_PARENT	
1216	1218	IS_AST_PARENT	
1215	1216	IS_AST_PARENT	
1212	1215	IS_AST_PARENT	
1219	1220	IS_AST_PARENT	
1212	1219	IS_AST_PARENT	
1207	1212	IS_AST_PARENT	
1206	1207	IS_AST_PARENT	
1155	1206	IS_AST_PARENT	
1146	1155	IS_AST_PARENT	
1141	1146	IS_AST_PARENT	
1122	1141	IS_AST_PARENT	
1222	1223	IS_AST_PARENT	
1221	1222	IS_AST_PARENT	
1221	1224	IS_AST_PARENT	
1122	1221	IS_AST_PARENT	
1227	1228	IS_AST_PARENT	
1227	1229	IS_AST_PARENT	
1226	1227	IS_AST_PARENT	
1226	1230	IS_AST_PARENT	
1225	1226	IS_AST_PARENT	
1122	1225	IS_AST_PARENT	
1234	1235	IS_AST_PARENT	
1237	1238	IS_AST_PARENT	
1236	1237	IS_AST_PARENT	
1241	1242	IS_AST_PARENT	
1241	1243	IS_AST_PARENT	
1240	1241	IS_AST_PARENT	
1239	1240	IS_AST_PARENT	
1244	1245	IS_AST_PARENT	
1239	1244	IS_AST_PARENT	
1247	1248	IS_AST_PARENT	
1247	1249	IS_AST_PARENT	
1246	1247	IS_AST_PARENT	
1239	1246	IS_AST_PARENT	
1250	1251	IS_AST_PARENT	
1239	1250	IS_AST_PARENT	
1236	1239	IS_AST_PARENT	
1234	1236	IS_AST_PARENT	
1233	1234	IS_AST_PARENT	
1233	1252	IS_AST_PARENT	
1232	1233	IS_AST_PARENT	
1231	1232	IS_AST_PARENT	
1256	1257	IS_AST_PARENT	
1258	1259	IS_AST_PARENT	
1258	1260	IS_AST_PARENT	
1256	1258	IS_AST_PARENT	
1255	1256	IS_AST_PARENT	
1254	1255	IS_AST_PARENT	
1254	1261	IS_AST_PARENT	
1253	1254	IS_AST_PARENT	
1264	1265	IS_AST_PARENT	
1264	1266	IS_AST_PARENT	
1263	1264	IS_AST_PARENT	
1262	1263	IS_AST_PARENT	
1262	1267	IS_AST_PARENT	
1253	1262	IS_AST_PARENT	
1270	1271	IS_AST_PARENT	
1269	1270	IS_AST_PARENT	
1273	1274	IS_AST_PARENT	
1272	1273	IS_AST_PARENT	
1269	1272	IS_AST_PARENT	
1268	1269	IS_AST_PARENT	
1253	1268	IS_AST_PARENT	
1276	1277	IS_AST_PARENT	
1276	1278	IS_AST_PARENT	
1275	1276	IS_AST_PARENT	
1253	1275	IS_AST_PARENT	
1231	1253	IS_AST_PARENT	
1122	1231	IS_AST_PARENT	
1281	1282	IS_AST_PARENT	
1281	1283	IS_AST_PARENT	
1280	1281	IS_AST_PARENT	
1279	1280	IS_AST_PARENT	
1286	1287	IS_AST_PARENT	
1286	1288	IS_AST_PARENT	
1285	1286	IS_AST_PARENT	
1289	1290	IS_AST_PARENT	
1289	1291	IS_AST_PARENT	
1285	1289	IS_AST_PARENT	
1284	1285	IS_AST_PARENT	
1279	1284	IS_AST_PARENT	
1292	1293	IS_AST_PARENT	
1292	1294	IS_AST_PARENT	
1279	1292	IS_AST_PARENT	
1297	1298	IS_AST_PARENT	
1297	1299	IS_AST_PARENT	
1296	1297	IS_AST_PARENT	
1295	1296	IS_AST_PARENT	
1301	1302	IS_AST_PARENT	
1301	1303	IS_AST_PARENT	
1304	1305	IS_AST_PARENT	
1306	1307	IS_AST_PARENT	
1306	1308	IS_AST_PARENT	
1304	1306	IS_AST_PARENT	
1301	1304	IS_AST_PARENT	
1300	1301	IS_AST_PARENT	
1295	1300	IS_AST_PARENT	
1310	1311	IS_AST_PARENT	
1310	1312	IS_AST_PARENT	
1309	1310	IS_AST_PARENT	
1295	1309	IS_AST_PARENT	
1314	1315	IS_AST_PARENT	
1314	1316	IS_AST_PARENT	
1313	1314	IS_AST_PARENT	
1295	1313	IS_AST_PARENT	
1318	1319	IS_AST_PARENT	
1320	1321	IS_AST_PARENT	
1324	1325	IS_AST_PARENT	
1324	1326	IS_AST_PARENT	
1323	1324	IS_AST_PARENT	
1323	1327	IS_AST_PARENT	
1322	1323	IS_AST_PARENT	
1322	1328	IS_AST_PARENT	
1320	1322	IS_AST_PARENT	
1318	1320	IS_AST_PARENT	
1317	1318	IS_AST_PARENT	
1295	1317	IS_AST_PARENT	
1330	1331	IS_AST_PARENT	
1333	1334	IS_AST_PARENT	
1333	1335	IS_AST_PARENT	
1332	1333	IS_AST_PARENT	
1332	1336	IS_AST_PARENT	
1330	1332	IS_AST_PARENT	
1329	1330	IS_AST_PARENT	
1295	1329	IS_AST_PARENT	
1339	1340	IS_AST_PARENT	
1339	1341	IS_AST_PARENT	
1338	1339	IS_AST_PARENT	
1337	1338	IS_AST_PARENT	
1343	1344	IS_AST_PARENT	
1342	1343	IS_AST_PARENT	
1347	1348	IS_AST_PARENT	
1349	1350	IS_AST_PARENT	
1349	1351	IS_AST_PARENT	
1347	1349	IS_AST_PARENT	
1346	1347	IS_AST_PARENT	
1345	1346	IS_AST_PARENT	
1354	1355	IS_AST_PARENT	
1353	1354	IS_AST_PARENT	
1357	1358	IS_AST_PARENT	
1356	1357	IS_AST_PARENT	
1353	1356	IS_AST_PARENT	
1352	1353	IS_AST_PARENT	
1345	1352	IS_AST_PARENT	
1342	1345	IS_AST_PARENT	
1342	1359	IS_AST_PARENT	
1360	1361	IS_AST_PARENT	
1342	1360	IS_AST_PARENT	
1366	1367	IS_AST_PARENT	
1365	1366	IS_AST_PARENT	
1370	1371	IS_AST_PARENT	
1370	1372	IS_AST_PARENT	
1369	1370	IS_AST_PARENT	
1368	1369	IS_AST_PARENT	
1374	1375	IS_AST_PARENT	
1374	1376	IS_AST_PARENT	
1373	1374	IS_AST_PARENT	
1368	1373	IS_AST_PARENT	
1377	1378	IS_AST_PARENT	
1368	1377	IS_AST_PARENT	
1365	1368	IS_AST_PARENT	
1364	1365	IS_AST_PARENT	
1364	1379	IS_AST_PARENT	
1363	1364	IS_AST_PARENT	
1362	1363	IS_AST_PARENT	
1384	1385	IS_AST_PARENT	
1383	1384	IS_AST_PARENT	
1387	1388	IS_AST_PARENT	
1386	1387	IS_AST_PARENT	
1383	1386	IS_AST_PARENT	
1382	1383	IS_AST_PARENT	
1381	1382	IS_AST_PARENT	
1392	1393	IS_AST_PARENT	
1391	1392	IS_AST_PARENT	
1395	1396	IS_AST_PARENT	
1394	1395	IS_AST_PARENT	
1391	1394	IS_AST_PARENT	
1390	1391	IS_AST_PARENT	
1389	1390	IS_AST_PARENT	
1398	1399	IS_AST_PARENT	
1398	1400	IS_AST_PARENT	
1397	1398	IS_AST_PARENT	
1389	1397	IS_AST_PARENT	
1381	1389	IS_AST_PARENT	
1380	1381	IS_AST_PARENT	
1403	1404	IS_AST_PARENT	
1402	1403	IS_AST_PARENT	
1407	1408	IS_AST_PARENT	
1409	1410	IS_AST_PARENT	
1409	1411	IS_AST_PARENT	
1407	1409	IS_AST_PARENT	
1406	1407	IS_AST_PARENT	
1405	1406	IS_AST_PARENT	
1412	1413	IS_AST_PARENT	
1405	1412	IS_AST_PARENT	
1415	1416	IS_AST_PARENT	
1417	1418	IS_AST_PARENT	
1417	1419	IS_AST_PARENT	
1415	1417	IS_AST_PARENT	
1414	1415	IS_AST_PARENT	
1405	1414	IS_AST_PARENT	
1402	1405	IS_AST_PARENT	
1401	1402	IS_AST_PARENT	
1380	1401	IS_AST_PARENT	
1362	1380	IS_AST_PARENT	
1423	1424	IS_AST_PARENT	
1423	1425	IS_AST_PARENT	
1422	1423	IS_AST_PARENT	
1422	1426	IS_AST_PARENT	
1421	1422	IS_AST_PARENT	
1420	1421	IS_AST_PARENT	
1362	1420	IS_AST_PARENT	
1342	1362	IS_AST_PARENT	
1342	1427	IS_AST_PARENT	
1428	1429	IS_AST_PARENT	
1342	1428	IS_AST_PARENT	
1434	1435	IS_AST_PARENT	
1433	1434	IS_AST_PARENT	
1438	1439	IS_AST_PARENT	
1438	1440	IS_AST_PARENT	
1437	1438	IS_AST_PARENT	
1436	1437	IS_AST_PARENT	
1442	1443	IS_AST_PARENT	
1442	1444	IS_AST_PARENT	
1441	1442	IS_AST_PARENT	
1436	1441	IS_AST_PARENT	
1446	1447	IS_AST_PARENT	
1446	1448	IS_AST_PARENT	
1445	1446	IS_AST_PARENT	
1436	1445	IS_AST_PARENT	
1433	1436	IS_AST_PARENT	
1432	1433	IS_AST_PARENT	
1449	1450	IS_AST_PARENT	
1449	1451	IS_AST_PARENT	
1432	1449	IS_AST_PARENT	
1431	1432	IS_AST_PARENT	
1430	1431	IS_AST_PARENT	
1455	1456	IS_AST_PARENT	
1454	1455	IS_AST_PARENT	
1458	1459	IS_AST_PARENT	
1457	1458	IS_AST_PARENT	
1454	1457	IS_AST_PARENT	
1453	1454	IS_AST_PARENT	
1452	1453	IS_AST_PARENT	
1461	1462	IS_AST_PARENT	
1461	1463	IS_AST_PARENT	
1460	1461	IS_AST_PARENT	
1452	1460	IS_AST_PARENT	
1430	1452	IS_AST_PARENT	
1342	1430	IS_AST_PARENT	
1466	1467	IS_AST_PARENT	
1470	1471	IS_AST_PARENT	
1470	1472	IS_AST_PARENT	
1469	1470	IS_AST_PARENT	
1469	1473	IS_AST_PARENT	
1468	1469	IS_AST_PARENT	
1468	1474	IS_AST_PARENT	
1466	1468	IS_AST_PARENT	
1465	1466	IS_AST_PARENT	
1464	1465	IS_AST_PARENT	
1479	1480	IS_AST_PARENT	
1479	1481	IS_AST_PARENT	
1478	1479	IS_AST_PARENT	
1478	1482	IS_AST_PARENT	
1477	1478	IS_AST_PARENT	
1477	1483	IS_AST_PARENT	
1476	1477	IS_AST_PARENT	
1476	1484	IS_AST_PARENT	
1475	1476	IS_AST_PARENT	
1464	1475	IS_AST_PARENT	
1342	1464	IS_AST_PARENT	
1487	1488	IS_AST_PARENT	
1491	1492	IS_AST_PARENT	
1491	1493	IS_AST_PARENT	
1490	1491	IS_AST_PARENT	
1490	1494	IS_AST_PARENT	
1489	1490	IS_AST_PARENT	
1489	1495	IS_AST_PARENT	
1487	1489	IS_AST_PARENT	
1486	1487	IS_AST_PARENT	
1485	1486	IS_AST_PARENT	
1498	1499	IS_AST_PARENT	
1497	1498	IS_AST_PARENT	
1501	1502	IS_AST_PARENT	
1500	1501	IS_AST_PARENT	
1497	1500	IS_AST_PARENT	
1496	1497	IS_AST_PARENT	
1485	1496	IS_AST_PARENT	
1342	1485	IS_AST_PARENT	
1342	1503	IS_AST_PARENT	
1504	1505	IS_AST_PARENT	
1342	1504	IS_AST_PARENT	
1510	1511	IS_AST_PARENT	
1509	1510	IS_AST_PARENT	
1514	1515	IS_AST_PARENT	
1514	1516	IS_AST_PARENT	
1513	1514	IS_AST_PARENT	
1512	1513	IS_AST_PARENT	
1518	1519	IS_AST_PARENT	
1518	1520	IS_AST_PARENT	
1517	1518	IS_AST_PARENT	
1512	1517	IS_AST_PARENT	
1522	1523	IS_AST_PARENT	
1522	1524	IS_AST_PARENT	
1521	1522	IS_AST_PARENT	
1512	1521	IS_AST_PARENT	
1509	1512	IS_AST_PARENT	
1508	1509	IS_AST_PARENT	
1525	1526	IS_AST_PARENT	
1525	1527	IS_AST_PARENT	
1508	1525	IS_AST_PARENT	
1507	1508	IS_AST_PARENT	
1506	1507	IS_AST_PARENT	
1530	1531	IS_AST_PARENT	
1530	1532	IS_AST_PARENT	
1529	1530	IS_AST_PARENT	
1528	1529	IS_AST_PARENT	
1535	1536	IS_AST_PARENT	
1535	1537	IS_AST_PARENT	
1534	1535	IS_AST_PARENT	
1533	1534	IS_AST_PARENT	
1541	1542	IS_AST_PARENT	
1540	1541	IS_AST_PARENT	
1544	1545	IS_AST_PARENT	
1543	1544	IS_AST_PARENT	
1540	1543	IS_AST_PARENT	
1539	1540	IS_AST_PARENT	
1538	1539	IS_AST_PARENT	
1547	1548	IS_AST_PARENT	
1547	1549	IS_AST_PARENT	
1546	1547	IS_AST_PARENT	
1538	1546	IS_AST_PARENT	
1533	1538	IS_AST_PARENT	
1528	1533	IS_AST_PARENT	
1506	1528	IS_AST_PARENT	
1342	1506	IS_AST_PARENT	
1552	1553	IS_AST_PARENT	
1556	1557	IS_AST_PARENT	
1556	1558	IS_AST_PARENT	
1555	1556	IS_AST_PARENT	
1555	1559	IS_AST_PARENT	
1554	1555	IS_AST_PARENT	
1554	1560	IS_AST_PARENT	
1552	1554	IS_AST_PARENT	
1551	1552	IS_AST_PARENT	
1550	1551	IS_AST_PARENT	
1565	1566	IS_AST_PARENT	
1565	1567	IS_AST_PARENT	
1564	1565	IS_AST_PARENT	
1564	1568	IS_AST_PARENT	
1563	1564	IS_AST_PARENT	
1563	1569	IS_AST_PARENT	
1562	1563	IS_AST_PARENT	
1562	1570	IS_AST_PARENT	
1561	1562	IS_AST_PARENT	
1550	1561	IS_AST_PARENT	
1576	1577	IS_AST_PARENT	
1576	1578	IS_AST_PARENT	
1575	1576	IS_AST_PARENT	
1575	1579	IS_AST_PARENT	
1574	1575	IS_AST_PARENT	
1574	1580	IS_AST_PARENT	
1573	1574	IS_AST_PARENT	
1583	1584	IS_AST_PARENT	
1583	1585	IS_AST_PARENT	
1582	1583	IS_AST_PARENT	
1582	1586	IS_AST_PARENT	
1581	1582	IS_AST_PARENT	
1581	1587	IS_AST_PARENT	
1573	1581	IS_AST_PARENT	
1572	1573	IS_AST_PARENT	
1571	1572	IS_AST_PARENT	
1550	1571	IS_AST_PARENT	
1342	1550	IS_AST_PARENT	
1590	1591	IS_AST_PARENT	
1594	1595	IS_AST_PARENT	
1594	1596	IS_AST_PARENT	
1593	1594	IS_AST_PARENT	
1593	1597	IS_AST_PARENT	
1592	1593	IS_AST_PARENT	
1592	1598	IS_AST_PARENT	
1590	1592	IS_AST_PARENT	
1589	1590	IS_AST_PARENT	
1588	1589	IS_AST_PARENT	
1601	1602	IS_AST_PARENT	
1600	1601	IS_AST_PARENT	
1604	1605	IS_AST_PARENT	
1603	1604	IS_AST_PARENT	
1600	1603	IS_AST_PARENT	
1599	1600	IS_AST_PARENT	
1588	1599	IS_AST_PARENT	
1342	1588	IS_AST_PARENT	
1342	1606	IS_AST_PARENT	
1607	1608	IS_AST_PARENT	
1342	1607	IS_AST_PARENT	
1613	1614	IS_AST_PARENT	
1612	1613	IS_AST_PARENT	
1617	1618	IS_AST_PARENT	
1617	1619	IS_AST_PARENT	
1616	1617	IS_AST_PARENT	
1615	1616	IS_AST_PARENT	
1621	1622	IS_AST_PARENT	
1621	1623	IS_AST_PARENT	
1620	1621	IS_AST_PARENT	
1615	1620	IS_AST_PARENT	
1625	1626	IS_AST_PARENT	
1625	1627	IS_AST_PARENT	
1624	1625	IS_AST_PARENT	
1615	1624	IS_AST_PARENT	
1612	1615	IS_AST_PARENT	
1611	1612	IS_AST_PARENT	
1628	1629	IS_AST_PARENT	
1628	1630	IS_AST_PARENT	
1611	1628	IS_AST_PARENT	
1610	1611	IS_AST_PARENT	
1609	1610	IS_AST_PARENT	
1632	1633	IS_AST_PARENT	
1632	1634	IS_AST_PARENT	
1631	1632	IS_AST_PARENT	
1609	1631	IS_AST_PARENT	
1342	1609	IS_AST_PARENT	
1342	1635	IS_AST_PARENT	
1337	1342	IS_AST_PARENT	
1295	1337	IS_AST_PARENT	
1638	1639	IS_AST_PARENT	
1638	1640	IS_AST_PARENT	
1637	1638	IS_AST_PARENT	
1636	1637	IS_AST_PARENT	
1644	1645	IS_AST_PARENT	
1644	1646	IS_AST_PARENT	
1643	1644	IS_AST_PARENT	
1642	1643	IS_AST_PARENT	
1648	1649	IS_AST_PARENT	
1647	1648	IS_AST_PARENT	
1651	1652	IS_AST_PARENT	
1651	1653	IS_AST_PARENT	
1650	1651	IS_AST_PARENT	
1647	1650	IS_AST_PARENT	
1655	1656	IS_AST_PARENT	
1655	1657	IS_AST_PARENT	
1654	1655	IS_AST_PARENT	
1647	1654	IS_AST_PARENT	
1642	1647	IS_AST_PARENT	
1641	1642	IS_AST_PARENT	
1636	1641	IS_AST_PARENT	
1295	1636	IS_AST_PARENT	
1279	1295	IS_AST_PARENT	
1122	1279	IS_AST_PARENT	
1660	1661	IS_AST_PARENT	
1660	1662	IS_AST_PARENT	
1659	1660	IS_AST_PARENT	
1658	1659	IS_AST_PARENT	
1658	1663	IS_AST_PARENT	
1122	1658	IS_AST_PARENT	
1113	1122	IS_AST_PARENT	
995	1113	IS_AST_PARENT	
1664	1665	IS_AST_PARENT	
995	1664	IS_AST_PARENT	
994	995	IS_AST_PARENT	
994	1666	IS_AST_PARENT	
994	1667	IS_AST_PARENT	
1669	1670	IS_AST_PARENT	
1669	1671	IS_AST_PARENT	
1668	1669	IS_AST_PARENT	
1672	1673	IS_AST_PARENT	
1672	1674	IS_AST_PARENT	
1668	1672	IS_AST_PARENT	
994	1668	IS_AST_PARENT	
1675	1669	FLOWS_TO	
1669	1672	FLOWS_TO	
1672	996	FLOWS_TO	
996	1005	FLOWS_TO	
1005	1010	FLOWS_TO	
1010	1021	FLOWS_TO	
1010	1030	FLOWS_TO	
1021	1025	FLOWS_TO	
1025	1676	FLOWS_TO	
1030	1034	FLOWS_TO	
1030	1038	FLOWS_TO	
1034	1038	FLOWS_TO	
1038	1044	FLOWS_TO	
1044	1045	FLOWS_TO	
1045	1046	FLOWS_TO	
1046	1047	FLOWS_TO	
1047	1048	FLOWS_TO	
1048	1049	FLOWS_TO	
1049	1050	FLOWS_TO	
1050	1051	FLOWS_TO	
1051	1054	FLOWS_TO	
1054	1060	FLOWS_TO	
1054	1084	FLOWS_TO	
1060	1084	FLOWS_TO	
1084	1090	FLOWS_TO	
1084	1114	FLOWS_TO	
1090	1114	FLOWS_TO	
1114	1123	FLOWS_TO	
1114	1664	FLOWS_TO	
1123	1128	FLOWS_TO	
1128	1142	FLOWS_TO	
1142	1147	FLOWS_TO	
1142	1222	FLOWS_TO	
1147	1148	FLOWS_TO	
1148	1149	FLOWS_TO	
1149	1150	FLOWS_TO	
1150	1151	FLOWS_TO	
1151	1152	FLOWS_TO	
1152	1153	FLOWS_TO	
1153	1154	FLOWS_TO	
1154	1157	FLOWS_TO	
1157	1171	FLOWS_TO	
1157	1173	FLOWS_TO	
1171	1114	FLOWS_TO	
1173	1185	FLOWS_TO	
1173	1202	FLOWS_TO	
1185	1191	FLOWS_TO	
1191	1202	FLOWS_TO	
1202	1206	FLOWS_TO	
1206	1222	FLOWS_TO	
1222	1224	FLOWS_TO	
1222	1225	FLOWS_TO	
1224	1114	FLOWS_TO	
1225	1232	FLOWS_TO	
1232	1255	FLOWS_TO	
1232	1280	FLOWS_TO	
1255	1261	FLOWS_TO	
1255	1263	FLOWS_TO	
1261	1280	FLOWS_TO	
1263	1267	FLOWS_TO	
1263	1268	FLOWS_TO	
1267	1232	FLOWS_TO	
1268	1275	FLOWS_TO	
1275	1676	FLOWS_TO	
1284	1296	FLOWS_TO	
1284	1659	FLOWS_TO	
1280	1284	FLOWS_TO	
1292	1284	FLOWS_TO	
1296	1300	FLOWS_TO	
1300	1309	FLOWS_TO	
1309	1313	FLOWS_TO	
1313	1317	FLOWS_TO	
1317	1329	FLOWS_TO	
1329	1338	FLOWS_TO	
1338	1504	FLOWS_TO	
1338	1343	FLOWS_TO	
1338	1607	FLOWS_TO	
1338	1360	FLOWS_TO	
1338	1428	FLOWS_TO	
1338	1637	FLOWS_TO	
1343	1346	FLOWS_TO	
1346	1352	FLOWS_TO	
1346	1359	FLOWS_TO	
1352	1359	FLOWS_TO	
1359	1637	FLOWS_TO	
1360	1363	FLOWS_TO	
1363	1382	FLOWS_TO	
1363	1421	FLOWS_TO	
1382	1390	FLOWS_TO	
1382	1401	FLOWS_TO	
1390	1397	FLOWS_TO	
1397	1401	FLOWS_TO	
1401	1427	FLOWS_TO	
1421	1427	FLOWS_TO	
1427	1637	FLOWS_TO	
1428	1431	FLOWS_TO	
1431	1453	FLOWS_TO	
1431	1465	FLOWS_TO	
1453	1460	FLOWS_TO	
1460	1465	FLOWS_TO	
1465	1475	FLOWS_TO	
1465	1486	FLOWS_TO	
1475	1486	FLOWS_TO	
1486	1496	FLOWS_TO	
1486	1503	FLOWS_TO	
1496	1503	FLOWS_TO	
1503	1637	FLOWS_TO	
1504	1507	FLOWS_TO	
1507	1529	FLOWS_TO	
1507	1551	FLOWS_TO	
1529	1534	FLOWS_TO	
1534	1539	FLOWS_TO	
1534	1551	FLOWS_TO	
1539	1546	FLOWS_TO	
1546	1551	FLOWS_TO	
1551	1561	FLOWS_TO	
1551	1572	FLOWS_TO	
1561	1589	FLOWS_TO	
1572	1589	FLOWS_TO	
1589	1599	FLOWS_TO	
1589	1606	FLOWS_TO	
1599	1606	FLOWS_TO	
1606	1637	FLOWS_TO	
1607	1610	FLOWS_TO	
1610	1631	FLOWS_TO	
1610	1635	FLOWS_TO	
1631	1635	FLOWS_TO	
1635	1637	FLOWS_TO	
1637	1641	FLOWS_TO	
1637	1292	FLOWS_TO	
1641	1292	FLOWS_TO	
1659	1663	FLOWS_TO	
1659	1114	FLOWS_TO	
1663	1664	FLOWS_TO	
1664	1676	FLOWS_TO	
1030	1677	USE	
1054	1678	USE	
1060	1678	USE	
1069	1678	USE	
1076	1678	USE	
1068	1678	USE	
1075	1678	USE	
1067	1678	USE	
1077	1678	USE	
1084	1678	USE	
1090	1678	USE	
1098	1678	USE	
1106	1678	USE	
1099	1678	USE	
1097	1678	USE	
1107	1678	USE	
1105	1678	USE	
1157	1678	USE	
1173	1678	USE	
1180	1678	USE	
1185	1678	DEF	
1186	1678	DEF	
1206	1678	USE	
1215	1678	USE	
1338	1678	USE	
1363	1678	USE	
1369	1678	USE	
1401	1678	USE	
1414	1678	USE	
1421	1678	DEF	
1422	1678	DEF	
1431	1678	USE	
1437	1678	USE	
1465	1678	USE	
1468	1678	USE	
1469	1678	USE	
1475	1678	USE	
1478	1678	USE	
1477	1678	USE	
1475	1678	DEF	
1476	1678	DEF	
1486	1678	USE	
1490	1678	USE	
1489	1678	USE	
1507	1678	USE	
1513	1678	USE	
1551	1678	USE	
1554	1678	USE	
1555	1678	USE	
1561	1678	DEF	
1562	1678	DEF	
1561	1678	USE	
1564	1678	USE	
1563	1678	USE	
1572	1678	USE	
1581	1678	USE	
1572	1678	DEF	
1573	1678	DEF	
1573	1678	USE	
1575	1678	USE	
1574	1678	USE	
1582	1678	USE	
1589	1678	USE	
1593	1678	USE	
1592	1678	USE	
1610	1678	USE	
1616	1678	USE	
1637	1678	USE	
1641	1678	USE	
1650	1678	USE	
1060	1679	USE	
1068	1679	USE	
1075	1679	USE	
1076	1679	USE	
1067	1679	USE	
1551	1679	USE	
1554	1679	USE	
1561	1679	USE	
1563	1679	USE	
1561	1679	DEF	
1562	1679	DEF	
1572	1679	USE	
1573	1679	USE	
1581	1679	USE	
1572	1679	DEF	
1573	1679	DEF	
1574	1679	USE	
1589	1679	USE	
1592	1679	USE	
1346	1680	USE	
1363	1681	USE	
1373	1681	USE	
1431	1682	USE	
1441	1682	USE	
1507	1682	USE	
1517	1682	USE	
1610	1682	USE	
1620	1682	USE	
1206	1683	USE	
1215	1683	USE	
1641	1683	USE	
1650	1683	USE	
1128	1684	DEF	
1135	1684	DEF	
1138	1684	DEF	
1202	1684	USE	
1203	1684	USE	
1202	1684	DEF	
1203	1684	DEF	
1222	1684	USE	
1090	1685	USE	
1106	1685	USE	
1105	1685	USE	
1097	1685	USE	
1098	1685	USE	
1465	1685	USE	
1468	1685	USE	
1475	1685	USE	
1477	1685	USE	
1475	1685	DEF	
1476	1685	DEF	
1486	1685	USE	
1489	1685	USE	
1054	1686	USE	
1084	1686	USE	
1338	1686	USE	
1173	1687	USE	
1180	1687	USE	
1363	1687	USE	
1369	1687	USE	
1431	1687	USE	
1437	1687	USE	
1507	1687	USE	
1513	1687	USE	
1610	1687	USE	
1616	1687	USE	
1084	1688	USE	
1401	1689	USE	
1414	1689	USE	
1421	1689	DEF	
1422	1689	DEF	
1346	1690	USE	
1054	1691	USE	
1206	1692	USE	
1219	1692	USE	
1313	1693	DEF	
1314	1693	DEF	
1401	1694	USE	
1406	1694	USE	
1309	1695	DEF	
1310	1695	DEF	
1329	1695	DEF	
1330	1695	DEF	
1346	1695	USE	
1397	1695	DEF	
1398	1695	DEF	
1460	1695	DEF	
1461	1695	DEF	
1529	1695	DEF	
1530	1695	DEF	
1546	1695	DEF	
1547	1695	DEF	
1631	1695	DEF	
1632	1695	DEF	
1641	1695	USE	
1654	1695	USE	
1534	1696	USE	
1123	1697	DEF	
1124	1697	DEF	
1232	1697	USE	
1244	1697	USE	
1317	1697	USE	
1324	1697	USE	
1329	1697	USE	
1333	1697	USE	
1021	1698	DEF	
1022	1698	DEF	
1263	1698	USE	
1534	1698	USE	
1363	1699	USE	
1431	1699	USE	
1507	1699	USE	
1610	1699	USE	
1669	1700	DEF	
1010	1700	USE	
1016	1700	USE	
1038	1700	USE	
1040	1700	USE	
1114	1700	USE	
1119	1700	USE	
1116	1700	USE	
1142	1700	USE	
1143	1700	USE	
1191	1700	USE	
1199	1700	USE	
1225	1700	USE	
1227	1700	USE	
1232	1700	USE	
1247	1700	USE	
1241	1700	USE	
1255	1700	USE	
1258	1700	USE	
1268	1700	USE	
1273	1700	USE	
1284	1700	USE	
1286	1700	USE	
1060	1701	USE	
1077	1701	USE	
1067	1701	USE	
1069	1701	USE	
1075	1701	USE	
1076	1701	USE	
1068	1701	USE	
1090	1701	USE	
1098	1701	USE	
1106	1701	USE	
1099	1701	USE	
1097	1701	USE	
1107	1701	USE	
1105	1701	USE	
1465	1701	USE	
1469	1701	USE	
1468	1701	USE	
1475	1701	DEF	
1476	1701	DEF	
1475	1701	USE	
1477	1701	USE	
1478	1701	USE	
1486	1701	USE	
1490	1701	USE	
1489	1701	USE	
1551	1701	USE	
1554	1701	USE	
1555	1701	USE	
1561	1701	USE	
1563	1701	USE	
1564	1701	USE	
1561	1701	DEF	
1562	1701	DEF	
1572	1701	USE	
1575	1701	USE	
1574	1701	USE	
1582	1701	USE	
1573	1701	USE	
1581	1701	USE	
1572	1701	DEF	
1573	1701	DEF	
1589	1701	USE	
1593	1701	USE	
1592	1701	USE	
1659	1702	USE	
1317	1703	USE	
1318	1703	USE	
1296	1704	DEF	
1297	1704	DEF	
1421	1704	USE	
1422	1704	USE	
1090	1705	USE	
1105	1705	USE	
1465	1705	USE	
1329	1706	USE	
1330	1706	USE	
1060	1707	USE	
1075	1707	USE	
1551	1707	USE	
1572	1707	USE	
1573	1707	USE	
1317	1708	USE	
1323	1708	USE	
1322	1708	USE	
1318	1708	USE	
1329	1708	USE	
1330	1708	USE	
1332	1708	USE	
1263	1709	USE	
1232	1710	USE	
1246	1710	USE	
1672	1711	DEF	
1030	1711	USE	
1659	1711	USE	
1010	1712	USE	
1232	1712	USE	
1240	1712	USE	
996	1713	DEF	
997	1713	DEF	
1000	1713	DEF	
1034	1713	DEF	
1035	1713	DEF	
1232	1713	USE	
1250	1713	USE	
1114	1714	USE	
1191	1714	USE	
1198	1714	USE	
1317	1715	USE	
1322	1715	USE	
1318	1715	USE	
1060	1716	USE	
1067	1716	USE	
1561	1716	DEF	
1562	1716	DEF	
1572	1716	DEF	
1573	1716	DEF	
1572	1716	USE	
1573	1716	USE	
1589	1716	USE	
1232	1717	USE	
1234	1717	USE	
1142	1718	USE	
1225	1718	DEF	
1226	1718	DEF	
1300	1719	DEF	
1301	1719	DEF	
1304	1719	DEF	
1363	1719	USE	
1377	1719	USE	
1157	1720	USE	
1185	1720	DEF	
1186	1720	DEF	
1128	1721	DEF	
1129	1721	DEF	
1284	1721	USE	
1280	1721	DEF	
1281	1721	DEF	
1292	1721	USE	
1292	1721	DEF	
1317	1721	USE	
1324	1721	USE	
1329	1721	USE	
1333	1721	USE	
1010	1722	USE	
1038	1722	DEF	
1039	1722	DEF	
1114	1722	USE	
1142	1722	USE	
1191	1722	USE	
1198	1722	USE	
1225	1722	DEF	
1226	1722	DEF	
1232	1722	USE	
1246	1722	USE	
1240	1722	USE	
1255	1722	USE	
1284	1722	USE	
1021	1723	USE	
1022	1723	USE	
1157	1724	USE	
1637	1724	USE	
1173	1725	USE	
1529	1726	USE	
1530	1726	USE	
1631	1726	USE	
1632	1726	USE	
1317	1727	USE	
1322	1727	USE	
1318	1727	USE	
1323	1727	USE	
1329	1727	USE	
1332	1727	USE	
1330	1727	USE	
1128	1728	DEF	
1132	1728	DEF	
1232	1728	DEF	
1234	1728	DEF	
1284	1728	USE	
1005	1729	DEF	
1006	1729	DEF	
1054	1729	USE	
1057	1729	USE	
1060	1729	USE	
1065	1729	USE	
1078	1729	USE	
1070	1729	USE	
1084	1729	USE	
1087	1729	USE	
1090	1729	USE	
1100	1729	USE	
1108	1729	USE	
1095	1729	USE	
1157	1729	USE	
1160	1729	USE	
1168	1729	USE	
1173	1729	USE	
1181	1729	USE	
1185	1729	USE	
1187	1729	USE	
1191	1729	USE	
1196	1729	USE	
1206	1729	USE	
1209	1729	USE	
1213	1729	USE	
1216	1729	USE	
1317	1729	DEF	
1318	1729	DEF	
1338	1729	USE	
1339	1729	USE	
1352	1729	USE	
1357	1729	USE	
1363	1729	USE	
1370	1729	USE	
1382	1729	USE	
1387	1729	USE	
1390	1729	USE	
1395	1729	USE	
1401	1729	USE	
1417	1729	USE	
1409	1729	USE	
1406	1729	USE	
1421	1729	USE	
1423	1729	USE	
1431	1729	USE	
1438	1729	USE	
1453	1729	USE	
1458	1729	USE	
1465	1729	USE	
1470	1729	USE	
1475	1729	USE	
1479	1729	USE	
1486	1729	USE	
1491	1729	USE	
1496	1729	USE	
1501	1729	USE	
1507	1729	USE	
1514	1729	USE	
1539	1729	USE	
1544	1729	USE	
1551	1729	USE	
1556	1729	USE	
1561	1729	USE	
1565	1729	USE	
1572	1729	USE	
1576	1729	USE	
1583	1729	USE	
1589	1729	USE	
1594	1729	USE	
1599	1729	USE	
1604	1729	USE	
1610	1729	USE	
1617	1729	USE	
1637	1729	USE	
1638	1729	USE	
1641	1729	USE	
1644	1729	USE	
1651	1729	USE	
1648	1729	USE	
1038	1730	DEF	
1039	1730	DEF	
1114	1730	USE	
1255	1730	USE	
1284	1730	USE	
1382	1731	USE	
1090	1732	USE	
1097	1732	USE	
1475	1732	DEF	
1476	1732	DEF	
1486	1732	USE	
1641	1733	USE	
1654	1733	USE	
1397	1734	USE	
1398	1734	USE	
1460	1734	USE	
1461	1734	USE	
1546	1734	USE	
1547	1734	USE	
1561	1157	REACHES	* w
1475	1157	REACHES	* w
1421	1157	REACHES	* w
1421	1637	REACHES	* w
1421	1206	REACHES	* w
1185	1637	REACHES	* w
1185	1507	REACHES	* w
1185	1551	REACHES	* w
1572	1363	REACHES	* w
1572	1475	REACHES	* w
1572	1338	REACHES	* w
1185	1157	REACHES	* w
1561	1507	REACHES	* w
1572	1157	REACHES	* w
1421	1551	REACHES	* w
1572	1610	REACHES	* w
1421	1507	REACHES	* w
1421	1641	REACHES	* w
1475	1610	REACHES	* w
1561	1401	REACHES	* w
1421	1401	REACHES	* w
1185	1486	REACHES	* w
1475	1551	REACHES	* w
1561	1641	REACHES	* w
1475	1431	REACHES	* w
1475	1641	REACHES	* w
1421	1610	REACHES	* w
1572	1173	REACHES	* w
1572	1561	REACHES	* w
1421	1572	REACHES	* w
1185	1206	REACHES	* w
1561	1173	REACHES	* w
1475	1401	REACHES	* w
1561	1610	REACHES	* w
1561	1431	REACHES	* w
1475	1572	REACHES	* w
1185	1363	REACHES	* w
1561	1486	REACHES	* w
1185	1465	REACHES	* w
1421	1486	REACHES	* w
1561	1561	REACHES	* w
1572	1572	REACHES	* w
1185	1475	REACHES	* w
1421	1173	REACHES	* w
1421	1338	REACHES	* w
1421	1561	REACHES	* w
1421	1475	REACHES	* w
1572	1551	REACHES	* w
1475	1338	REACHES	* w
1185	1431	REACHES	* w
1572	1589	REACHES	* w
1572	1206	REACHES	* w
1572	1401	REACHES	* w
1185	1610	REACHES	* w
1475	1561	REACHES	* w
1561	1465	REACHES	* w
1475	1465	REACHES	* w
1561	1589	REACHES	* w
1572	1465	REACHES	* w
1561	1363	REACHES	* w
1185	1641	REACHES	* w
1572	1507	REACHES	* w
1185	1561	REACHES	* w
1572	1641	REACHES	* w
1475	1637	REACHES	* w
1572	1637	REACHES	* w
1561	1206	REACHES	* w
1475	1206	REACHES	* w
1421	1431	REACHES	* w
1572	1431	REACHES	* w
1561	1551	REACHES	* w
1561	1637	REACHES	* w
1572	1486	REACHES	* w
1185	1401	REACHES	* w
1185	1572	REACHES	* w
1475	1475	REACHES	* w
1561	1338	REACHES	* w
1185	1338	REACHES	* w
1421	1363	REACHES	* w
1475	1363	REACHES	* w
1475	1507	REACHES	* w
1561	1572	REACHES	* w
1421	1465	REACHES	* w
1561	1475	REACHES	* w
1475	1486	REACHES	* w
1475	1173	REACHES	* w
1185	1173	REACHES	* w
1329	1346	REACHES	events
1397	1641	REACHES	events
1460	1641	REACHES	events
1546	1641	REACHES	events
1529	1641	REACHES	events
1329	1641	REACHES	events
1631	1641	REACHES	events
1669	1114	REACHES	ctx
1669	1284	REACHES	ctx
1669	1010	REACHES	ctx
1669	1038	REACHES	ctx
1669	1142	REACHES	ctx
1669	1191	REACHES	ctx
1669	1225	REACHES	ctx
1669	1232	REACHES	ctx
1669	1255	REACHES	ctx
1669	1268	REACHES	ctx
1561	1572	REACHES	w -> u . c . when
1572	1572	REACHES	w -> u . c . when
1561	1589	REACHES	w -> u . c . when
1572	1589	REACHES	w -> u . c . when
1300	1363	REACHES	sz
1280	1284	REACHES	i
1292	1284	REACHES	i
1280	1292	REACHES	i
1292	1292	REACHES	i
1280	1317	REACHES	i
1292	1317	REACHES	i
1280	1329	REACHES	i
1292	1329	REACHES	i
1232	1284	REACHES	nfds
1005	1054	REACHES	w
1005	1060	REACHES	w
1317	1589	REACHES	w
1005	1084	REACHES	w
1005	1191	REACHES	w
1317	1390	REACHES	w
1317	1610	REACHES	w
1317	1338	REACHES	w
1317	1352	REACHES	w
1317	1599	REACHES	w
1317	1507	REACHES	w
1317	1185	REACHES	w
1317	1382	REACHES	w
1317	1453	REACHES	w
1317	1431	REACHES	w
1005	1090	REACHES	w
1005	1157	REACHES	w
1317	1561	REACHES	w
1317	1465	REACHES	w
1317	1157	REACHES	w
1317	1551	REACHES	w
1005	1206	REACHES	w
1317	1486	REACHES	w
1317	1637	REACHES	w
1317	1421	REACHES	w
1005	1173	REACHES	w
1317	1173	REACHES	w
1317	1401	REACHES	w
1005	1185	REACHES	w
1317	1191	REACHES	w
1317	1363	REACHES	w
1317	1641	REACHES	w
1317	1496	REACHES	w
1317	1572	REACHES	w
1317	1206	REACHES	w
1317	1539	REACHES	w
1317	1475	REACHES	w
1421	1401	REACHES	w -> siginfo
1123	1232	REACHES	ee
1123	1317	REACHES	ee
1123	1329	REACHES	ee
1034	1232	REACHES	timeout
996	1232	REACHES	timeout
1225	1142	REACHES	ctx -> workaround
1561	1551	REACHES	w -> u . c
1572	1551	REACHES	w -> u . c
1561	1561	REACHES	w -> u . c
1572	1561	REACHES	w -> u . c
1561	1572	REACHES	w -> u . c
1572	1572	REACHES	w -> u . c
1561	1589	REACHES	w -> u . c
1572	1589	REACHES	w -> u . c
1128	1202	REACHES	rerun
1202	1222	REACHES	rerun
1128	1222	REACHES	rerun
1475	1465	REACHES	w -> u . t
1475	1475	REACHES	w -> u . t
1475	1486	REACHES	w -> u . t
1561	1561	REACHES	w -> u
1475	1465	REACHES	w -> u
1572	1465	REACHES	w -> u
1572	1486	REACHES	w -> u
1561	1551	REACHES	w -> u
1561	1589	REACHES	w -> u
1475	1486	REACHES	w -> u
1475	1551	REACHES	w -> u
1475	1475	REACHES	w -> u
1561	1475	REACHES	w -> u
1572	1572	REACHES	w -> u
1475	1561	REACHES	w -> u
1572	1589	REACHES	w -> u
1475	1572	REACHES	w -> u
1572	1475	REACHES	w -> u
1561	1486	REACHES	w -> u
1572	1561	REACHES	w -> u
1561	1572	REACHES	w -> u
1561	1465	REACHES	w -> u
1572	1551	REACHES	w -> u
1672	1030	REACHES	flags
1672	1659	REACHES	flags
1225	1142	REACHES	* ctx
1038	1676	REACHES	* ctx
1225	1255	REACHES	* ctx
1225	1284	REACHES	* ctx
1225	1676	REACHES	* ctx
1038	1114	REACHES	* ctx
1225	1114	REACHES	* ctx
1038	1142	REACHES	* ctx
1038	1191	REACHES	* ctx
1225	1191	REACHES	* ctx
1225	1232	REACHES	* ctx
1475	1486	REACHES	w -> u . t . timeout
1296	1421	REACHES	fdsi
1185	1157	REACHES	w -> active
1038	1114	REACHES	ctx -> running
1038	1255	REACHES	ctx -> running
1038	1284	REACHES	ctx -> running
1675	1669	CONTROLS	
1675	1672	CONTROLS	
1675	996	CONTROLS	
1675	1005	CONTROLS	
1675	1010	CONTROLS	
1010	1021	CONTROLS	
1010	1025	CONTROLS	
1010	1030	CONTROLS	
1010	1038	CONTROLS	
1010	1044	CONTROLS	
1010	1045	CONTROLS	
1010	1046	CONTROLS	
1010	1047	CONTROLS	
1010	1048	CONTROLS	
1010	1049	CONTROLS	
1010	1050	CONTROLS	
1010	1051	CONTROLS	
1010	1054	CONTROLS	
1010	1084	CONTROLS	
1010	1114	CONTROLS	
1030	1034	CONTROLS	
1054	1060	CONTROLS	
1084	1090	CONTROLS	
1114	1123	CONTROLS	
1114	1128	CONTROLS	
1114	1142	CONTROLS	
1114	1664	CONTROLS	
1142	1147	CONTROLS	
1142	1148	CONTROLS	
1142	1149	CONTROLS	
1142	1150	CONTROLS	
1142	1151	CONTROLS	
1142	1152	CONTROLS	
1142	1153	CONTROLS	
1142	1154	CONTROLS	
1142	1157	CONTROLS	
1142	1222	CONTROLS	
1157	1171	CONTROLS	
1157	1114	CONTROLS	
1157	1173	CONTROLS	
1157	1202	CONTROLS	
1157	1206	CONTROLS	
1157	1222	CONTROLS	
1173	1185	CONTROLS	
1173	1191	CONTROLS	
1222	1224	CONTROLS	
1222	1114	CONTROLS	
1222	1225	CONTROLS	
1222	1232	CONTROLS	
1232	1255	CONTROLS	
1232	1280	CONTROLS	
1232	1284	CONTROLS	
1232	1659	CONTROLS	
1255	1261	CONTROLS	
1255	1280	CONTROLS	
1255	1284	CONTROLS	
1255	1659	CONTROLS	
1255	1263	CONTROLS	
1263	1267	CONTROLS	
1263	1232	CONTROLS	
1263	1268	CONTROLS	
1263	1275	CONTROLS	
1284	1296	CONTROLS	
1284	1300	CONTROLS	
1284	1309	CONTROLS	
1284	1313	CONTROLS	
1284	1317	CONTROLS	
1284	1329	CONTROLS	
1284	1338	CONTROLS	
1284	1637	CONTROLS	
1284	1292	CONTROLS	
1338	1504	CONTROLS	
1338	1507	CONTROLS	
1338	1551	CONTROLS	
1338	1589	CONTROLS	
1338	1606	CONTROLS	
1338	1343	CONTROLS	
1338	1346	CONTROLS	
1338	1359	CONTROLS	
1338	1607	CONTROLS	
1338	1610	CONTROLS	
1338	1635	CONTROLS	
1338	1360	CONTROLS	
1338	1363	CONTROLS	
1338	1427	CONTROLS	
1338	1428	CONTROLS	
1338	1431	CONTROLS	
1338	1465	CONTROLS	
1338	1486	CONTROLS	
1338	1503	CONTROLS	
1346	1352	CONTROLS	
1363	1382	CONTROLS	
1363	1401	CONTROLS	
1363	1421	CONTROLS	
1382	1390	CONTROLS	
1382	1397	CONTROLS	
1431	1453	CONTROLS	
1431	1460	CONTROLS	
1465	1475	CONTROLS	
1486	1496	CONTROLS	
1507	1529	CONTROLS	
1507	1534	CONTROLS	
1534	1539	CONTROLS	
1534	1546	CONTROLS	
1551	1561	CONTROLS	
1551	1572	CONTROLS	
1589	1599	CONTROLS	
1610	1631	CONTROLS	
1637	1641	CONTROLS	
1659	1663	CONTROLS	
1659	1664	CONTROLS	
1659	1114	CONTROLS	
1232	1280	DOM	
1268	1275	DOM	
1431	1465	DOM	
1005	1010	DOM	
1152	1153	DOM	
1637	1641	DOM	
1346	1352	DOM	
1222	1224	DOM	
1054	1060	DOM	
1128	1142	DOM	
1010	1676	DOM	
1428	1431	DOM	
1049	1050	DOM	
1173	1202	DOM	
1465	1486	DOM	
1313	1317	DOM	
1363	1427	DOM	
1338	1428	DOM	
1030	1038	DOM	
1084	1114	DOM	
1300	1309	DOM	
1637	1292	DOM	
1329	1338	DOM	
1050	1051	DOM	
1255	1263	DOM	
1507	1551	DOM	
1263	1268	DOM	
1539	1546	DOM	
1338	1360	DOM	
1054	1084	DOM	
1363	1382	DOM	
1284	1659	DOM	
1149	1150	DOM	
1185	1191	DOM	
1114	1123	DOM	
1346	1359	DOM	
1309	1313	DOM	
1232	1255	DOM	
1338	1607	DOM	
1390	1397	DOM	
1317	1329	DOM	
1551	1561	DOM	
1114	1664	DOM	
1030	1034	DOM	
1589	1599	DOM	
1202	1206	DOM	
1084	1090	DOM	
1047	1048	DOM	
1363	1421	DOM	
1431	1453	DOM	
1051	1054	DOM	
1360	1363	DOM	
1465	1475	DOM	
1263	1267	DOM	
1453	1460	DOM	
1154	1157	DOM	
1157	1173	DOM	
1338	1343	DOM	
1382	1390	DOM	
1151	1152	DOM	
1296	1300	DOM	
1607	1610	DOM	
1045	1046	DOM	
1150	1151	DOM	
1173	1185	DOM	
1382	1401	DOM	
1529	1534	DOM	
996	1005	DOM	
1123	1128	DOM	
1255	1261	DOM	
1280	1284	DOM	
1551	1589	DOM	
1338	1637	DOM	
1486	1496	DOM	
1225	1232	DOM	
1021	1025	DOM	
1010	1030	DOM	
1153	1154	DOM	
1148	1149	DOM	
1343	1346	DOM	
1044	1045	DOM	
1486	1503	DOM	
1669	1672	DOM	
1046	1047	DOM	
1147	1148	DOM	
1284	1296	DOM	
1589	1606	DOM	
1551	1572	DOM	
1675	1675	DOM	
1672	996	DOM	
1142	1147	DOM	
1610	1635	DOM	
1659	1663	DOM	
1504	1507	DOM	
1038	1044	DOM	
1610	1631	DOM	
1010	1021	DOM	
1048	1049	DOM	
1534	1539	DOM	
1675	1669	DOM	
1222	1225	DOM	
1142	1222	DOM	
1157	1171	DOM	
1507	1529	DOM	
1338	1504	DOM	
1284	1280	POST_DOM	
1676	1275	POST_DOM	
1486	1465	POST_DOM	
1676	1010	POST_DOM	
1154	1153	POST_DOM	
1359	1352	POST_DOM	
1292	1641	POST_DOM	
1114	1224	POST_DOM	
1084	1060	POST_DOM	
1676	1142	POST_DOM	
1676	1676	POST_DOM	
1465	1431	POST_DOM	
1051	1050	POST_DOM	
1206	1202	POST_DOM	
1503	1486	POST_DOM	
1329	1317	POST_DOM	
1637	1427	POST_DOM	
1431	1428	POST_DOM	
1044	1038	POST_DOM	
1676	1114	POST_DOM	
1313	1309	POST_DOM	
1284	1292	POST_DOM	
1637	1338	POST_DOM	
1676	1263	POST_DOM	
1054	1051	POST_DOM	
1589	1551	POST_DOM	
1275	1268	POST_DOM	
1363	1360	POST_DOM	
1551	1546	POST_DOM	
1114	1084	POST_DOM	
1401	1382	POST_DOM	
1676	1659	POST_DOM	
1151	1150	POST_DOM	
1202	1191	POST_DOM	
1128	1123	POST_DOM	
1637	1359	POST_DOM	
1317	1313	POST_DOM	
1676	1255	POST_DOM	
1401	1397	POST_DOM	
1610	1607	POST_DOM	
1338	1329	POST_DOM	
1589	1561	POST_DOM	
1676	1664	POST_DOM	
1038	1034	POST_DOM	
1606	1599	POST_DOM	
1222	1206	POST_DOM	
1114	1090	POST_DOM	
1049	1048	POST_DOM	
1427	1421	POST_DOM	
1460	1453	POST_DOM	
1084	1054	POST_DOM	
1427	1363	POST_DOM	
1486	1475	POST_DOM	
1232	1267	POST_DOM	
1465	1460	POST_DOM	
1676	1157	POST_DOM	
1202	1173	POST_DOM	
1346	1343	POST_DOM	
1397	1390	POST_DOM	
1153	1152	POST_DOM	
1309	1300	POST_DOM	
1635	1610	POST_DOM	
1047	1046	POST_DOM	
1152	1151	POST_DOM	
1191	1185	POST_DOM	
1427	1401	POST_DOM	
1551	1534	POST_DOM	
1010	1005	POST_DOM	
1142	1128	POST_DOM	
1280	1261	POST_DOM	
1659	1284	POST_DOM	
1292	1637	POST_DOM	
1606	1589	POST_DOM	
1503	1496	POST_DOM	
1676	1232	POST_DOM	
1676	1025	POST_DOM	
1038	1030	POST_DOM	
1157	1154	POST_DOM	
1150	1149	POST_DOM	
1359	1346	POST_DOM	
1046	1045	POST_DOM	
1637	1503	POST_DOM	
996	1672	POST_DOM	
1048	1047	POST_DOM	
1149	1148	POST_DOM	
1300	1296	POST_DOM	
1637	1606	POST_DOM	
1589	1572	POST_DOM	
1669	1675	POST_DOM	
1005	996	POST_DOM	
1148	1147	POST_DOM	
1637	1635	POST_DOM	
1664	1663	POST_DOM	
1551	1507	POST_DOM	
1045	1044	POST_DOM	
1635	1631	POST_DOM	
1025	1021	POST_DOM	
1050	1049	POST_DOM	
1546	1539	POST_DOM	
1672	1669	POST_DOM	
1232	1225	POST_DOM	
1676	1222	POST_DOM	
1114	1171	POST_DOM	
1534	1529	POST_DOM	
1507	1504	POST_DOM	
993	994	IS_FUNCTION_OF_AST	
993	1675	IS_FUNCTION_OF_CFG	
1	993	IS_FILE_OF	
